-497583051
-493060493
-492315070
-491063013
-488385231
-487739711
-487104849
-468691098
-464994789
-457000830
-429363571
-423934182
-421987503
-415646105
-412244578
-394424421
-389386798
-388462236
-387194268
-385276494
-383912236
-364502719
-363504657
-362193138
-350201685
-349877154
-349482433
-344675086
-344210776
-340740530
-339948472
-334655182
-331997755
-315196474
-311786742
-304259916
-299252204
-298694376
-298309387
-287748254
-286198039
-286024593
-278441560
-268397578
-266334877
-264350843
-261037400
-256731861
-253752745
-244210472
-239847041
-239598745
-230558500
-230544694
-229255271
-221277138
-217171798
-210299277
-207781996
-205297433
-203135181
-201374790
-195910828
-182902533
-175236080
-172745414
-171701715
-167733252
-163534218
-162546174
-162260701
-161111772
-150482555
-149677773
-147881394
-147593781
-143573192
-135771556
-135680471
-135313752
-121590497
-117302287
-112653509
-112548341
-110959257
-107964432
-103526270
-99999431
-97275714
-97096823
-95841340
-92512869
-87223909
-75761665
-74754025
-69746586
-65751374
-62883534
-61207650
-60506549
-53659287
-47132379
-36519430
-31296865
-25386004
-23332628
-19701510
-15761954
-14439720
-8294597
-7932083
-3939972
-3012257
-1222144
1772890
2278611
11702305
15530019
21595368
24688209
24872353
32670688
52473416
52910253
55996658
59301039
59412924
61717988
70073850
72660336
88219756
93209441
96516649
101385644
103570492
108413784
110515434
119054081
119290071
120145550
124549797
125032172
128175011
130668850
131704567
135723058
138422090
148031326
153448036
153468858
154887343
155495367
155858699
160260756
161761152
169908538
172655340
177870460
180466996
197517721
200108581
205178736
206043324
207900973
209393584
211645630
211845894
219346228
219885386
222308542
226371155
233053144
239273303
240759355
245425661
249241873
252392754
256898537
260313750
267066249
271151432
274044599
276532036
277210498
277720504
280821396
283368690
291698927
305750846
316504794
320697697
322262754
322890675
324272813
328388027
341148365
346811127
346930886
346942590
355636226
359484421
360516127
361021530
361543921
382160379
389023311
394429689
415256190
417679292
427612902
432026304
433110197
437370163
439819582
443947739
445117276
450390868
459997301
464445884
468338082
471899228
482906996
482936784
490892921
495706887
512502954
517679567
523457753
525202362
534514500
534949299
536140795
537127828
546741222
557418418
557467587
559961393
563958031
565103348
565311705
567854538
569755936
570575321
581174232
596689772
600661313
601513929
602520059
611783898
613502215
617142618
620048829
625898167
629033333
629566413
631176229
637949908
639901474
641616124
643408282
644278050
644522535
659126505
672755590
676911340
686090428
686452551
689641421
692707556
694953865
697352298
719407971
731192379
737379107
738433452
739036029
742608872
744316437
753207672
755179497
764095060
766235189
772469786
773911899
775373743
777849958
780321648
785228804
795166342
803455736
807565984
808044878
809383303
815209188
815634022
828104339
829132133
829202900
830573317
835354340
835939811
843606042
844247686
846811305
850490027
850573793
851797369
859512183
865180540
869133069
869321801
871499336
873226340
874344043
876710097
880171692
887036159
889867269
895132002
895235128
898295499
902586708
902961682
907392292
909959708
911154259
911549676
914647625
914829150
915505363
924268980
931419379
932114613
933102829
933925857
947267605
948703729
950573622
955590964
969262009
969348094
969834481
970503465
972576335
972713773
973144500
973442062
974612399
976153275
977171087
986222842
994613810
998617647
1001252996
1003885238
1004569917
1020223205
1029195746
1040383426
1043755629
1044617505
1045032460
1048233367
1048348142
1055319301
1062402336
1066288819
1069229320
1072276965
1073363368
1083571043
1085990364
1090079444
1097322404
1100028624
1105894428
1105908235
1110120709
1122597488
1126276121
1131518149
1132621729
1133108117
1135905385
1142548899
1149760492
1153377373
1156478042
1162739668
1162981776
1165947468
1171294892
1176902021
1179895436
1181692777
1182085273
1187926652
1203964683
1204365084
1213258270
1214636915
1222060049
1226956429
1234575198
1237518944
1239000681
1249698586
1250003033
1256915667
1260243555
1260281936
1275473788
1276808933
1280695788
1281999754
1282280524
1282436840
1284639529
1289366143
1289376348
1295519125
1297073940
1299878206
1301979802
1304289383
1312282134
1320388464
1323089412
1327336327
1341585795
1343993368
1350952926
1356669179
1357962504
1358721860
1369470124
1375335928
1376855542
1384167637
1384661237
1386086990
1387658390
1389947178
1392066601
1396306640
1400553541
1408518808
1409002904
1411165193
1411759956
1414544919
1418502651
1427495994
1437477084
1439964443
1443327684
1447346619
1450955939
1453443376
1456297539
1457747793
1460709859
1467513926
1467681095
1473387981
1473594324
1474806403
1475960378
1477648522
1482275856
1483690368
1484210012
1487231011
1498898814
1501100545
1501229904
1506811972
1507905771
1525187190
1527907669
1538664370
1540332871
1540651434
1544897763
1553999932
1558657199
1577486715
1584420925
1586206725
1589018456
1603318776
1612255763
1613903881
1614738097
1614937732
1618421993
1630794395
1642757034
1645174067
1647469841
