-493927359
-489098937
-488328662
-485010317
-480514946
-470222440
-465259135
-464243149
-462512230
-459389463
-448754170
-438898640
-436700292
-429211645
-425447195
-423406907
-417826891
-406810565
-405692602
-403944195
-398676125
-395847726
-392265287
-385239765
-379693290
-375333672
-373892795
-373598053
-365408719
-353466851
-348480066
-342727621
-340526941
-335173379
-331942478
-325484666
-319214853
-318728768
-300588102
-295897253
-292973728
-292378297
-290640585
-283779147
-283411289
-282128863
-282072665
-280455734
-276287650
-273276618
-264797746
-264254209
-258090390
-257411046
-254201102
-242324895
-237821776
-237307315
-229245448
-228940574
-227979873
-220878692
-213551434
-207576057
-205889009
-201498038
-194802686
-190887703
-190801013
-181438114
-167761717
-166417662
-162254309
-156054947
-154632182
-143315722
-141467710
-141015143
-137424945
-129082045
-128346484
-127839731
-123303224
-121530089
-119609821
-115629112
-105366926
-104808691
-104720793
-103622983
-93988983
-90455082
-89865953
-89771206
-89590883
-86639901
-84477675
-79312517
-72644885
-71096318
-68469874
-64110256
-58232132
-54919692
-47543318
-47174829
-45666622
-39313237
-29408900
-28009217
-23847567
-23435715
-21965055
-18071423
-16310315
-11336050
37525
618996
13937457
21035021
24133589
24305153
25829204
28433890
30498338
37322532
50245196
51836836
53160358
54290596
64325578
67304789
77721120
80508860
84522071
86235379
90335821
95311776
106199759
110506582
117909211
120089368
127992393
128966950
128974580
129580952
129593614
132651476
139806732
146755199
159639006
161955081
170752506
172032919
172139932
190367770
195466127
195748720
196947386
199460008
203550253
212633417
214880226
216334471
233327814
233450907
238393740
238647283
245598382
246349250
265326717
272634225
272970072
273319847
286039021
287689126
302205057
303590181
311742698
313274570
320097487
326047641
331768825
333215350
345563291
346621269
347228023
356363827
357490000
361109485
364101839
370305000
373199181
373524566
385799631
387077888
427376882
428140528
431489114
432862806
437558955
441804289
451426815
452062949
459372260
462033002
470925433
472058109
480356728
483631233
489241888
491810563
492028067
493967637
500372555
501089438
503886059
507277217
510528946
512836610
521784812
522089159
522963858
525125849
525533459
526413173
530313563
531126087
538626924
543388777
546370347
547372231
551858969
561730690
566077375
578898506
588590930
589653714
595966189
604627321
605816539
606059479
608399134
612720090
622336503
624311574
630698571
631359211
631884850
635771559
640384172
643565421
651297278
652645729
655722604
656541312
658381494
675526309
684214677
686631626
690668363
704275569
704462951
704754116
710359231
715828993
732056856
738498976
740554603
742561041
742990415
743439214
750372661
750801052
751300606
755387090
760596963
765122573
765204346
767889618
769400346
772796157
776673168
780311131
780631491
781830857
782648518
787726651
787859999
789547084
790127955
791554098
797893529
802539390
804811783
812630443
812994984
814218593
819041805
826247643
836092622
838299904
841443181
844593499
851538839
853436873
860613073
864090032
869356620
869602726
870973813
872261796
876035217
884095820
885414639
886418627
888391521
888803074
890543437
892740049
895405989
896918184
904196431
904515797
911328205
912277685
917076376
921186593
926819080
931742587
934322197
934433518
935218189
942767057
946648412
947395528
949228398
950956042
952888574
960082195
964415775
967963981
970332231
976453195
987053959
1000474762
1002781486
1003967857
1005193512
1010080967
1016266761
1020982030
1027622954
1028806445
1034230297
1041027284
1043324176
1066369633
1079068977
1081539848
1082152040
1084710873
1086903190
1097141723
1103591171
1104765404
1105539862
1109416931
1110009097
1115935710
1117876982
1123380595
1126250262
1130387677
1130634994
1133938701
1135550270
1140170337
1145933681
1146478179
1147149314
1149709016
1155035325
1160651136
1163080928
1164423428
1165204916
1169475776
1169679262
1171735990
1175518157
1175575223
1187776787
1191449122
1194887982
1207056552
1207746139
1208302647
1217226057
1225138377
1230418657
1235079296
1236491298
1238110294
1238909365
1245790417
1245897490
1247844822
1248349614
1248806355
1251378130
1261250573
1263794427
1266146081
1279289672
1280172261
1285550551
1287897525
1288014412
1299560997
1313080154
1314887560
1315209933
1321066342
1323796892
1326620483
1330539036
1344400657
1349552528
1357756970
1358504292
1359031536
1362292122
1362875640
1366000081
1367107722
1374799051
1375641892
1377565100
1389804310
1391252715
1392430639
1394519218
1399058025
1405241081
1407895021
1409850543
1410300925
1410858270
1416250774
1430772757
1431513970
1434392735
1436060910
1441690360
1441727088
1443003493
1454696532
1459343768
1465421244
1468217462
1479015720
1481208324
1482945082
1483228458
1483614030
1485433483
1486894018
1488714904
1489806367
1492576590
1500419805
1502495425
1504187516
1504504234
1506138722
1509726312
1510794583
1513725218
1516764524
1525554010
1530449291
1532454154
1532894977
1533505236
1533669086
1537770478
1539723618
1545826607
1559344234
1560975266
1564945486
1569110699
1573785404
1577211388
1606914653
1635019593
1637100237
1637390358
1643124030
