-499899331
-495255737
-489849891
-487451841
-486201122
-485066010
-483077649
-481599040
-474915900
-471735971
-469612774
-461350282
-455958649
-455529784
-455195081
-447224526
-435435651
-434879644
-432125867
-432025198
-426326661
-424754438
-423722893
-421625705
-421582397
-420934814
-414708362
-413913683
-406844290
-405744188
-400431516
-400114804
-397475357
-392060439
-391624518
-389006982
-386025888
-383576232
-381006554
-372947749
-370165553
-355125911
-354813291
-346837156
-341863896
-327376597
-322667300
-318773487
-314036047
-309886917
-307951140
-307467379
-306447937
-301371211
-297449601
-286786829
-286047614
-282838472
-280005575
-278286114
-277971172
-271782931
-265737453
-265423013
-259145613
-259040844
-257525024
-254759147
-243195022
-236580983
-233777593
-227687914
-225674639
-221549970
-213208369
-203403020
-201832721
-198626463
-195494596
-194435955
-193148680
-192428528
-190233504
-189757411
-188730441
-187813646
-181677958
-168983741
-167297550
-166706531
-161653908
-157853410
-140852485
-136695787
-126046334
-124555416
-120633203
-120538925
-113160149
-109151847
-105290636
-100506755
-96931989
-95740369
-88477043
-88173031
-84324366
-81353421
-80085200
-65709364
-57017361
-45193227
-44156515
-42323560
-38847507
-35162419
-29368459
-27868511
-26096434
-21158449
-17582281
-6113537
-570351
5593010
7578762
18434573
22971726
29302443
30406424
30788967
32495011
35286141
47407330
50804899
51201745
62390279
62395735
68275358
72132557
73556837
73666704
76994985
92456289
97010431
104263370
109707131
110486506
112353198
116734673
125040140
125843881
127510635
136453333
149785905
157103124
160916487
171068506
172563970
174402557
189442530
192458743
192981712
195258232
195991608
198312496
200287639
203571522
207184680
207255825
217293418
224025165
228149010
230199492
230832933
237703662
250167716
250679664
252704313
253959819
263148569
264851988
269304465
271476364
273446912
275056794
281098823
288380902
305251743
313465002
315774123
317572761
319485269
325726814
327385948
329570037
330365981
332077645
336802671
337626799
338139053
339425676
344169939
345954166
348934683
349725352
358829294
377068972
378273679
383799426
388482339
395873480
396925393
400104667
412194650
415711850
416018859
417609663
422587542
428682751
429588156
433596911
442581876
442724790
443190495
450881304
453691761
456134158
459658925
462764794
462980710
472125383
478587665
481914693
484124220
486478257
487706141
487987334
490526343
491039875
495234140
497276125
505418816
515857464
517565625
518041598
520406649
524027583
528363610
529621931
531207394
533206202
542517543
547196295
560494695
569117832
576919591
577683174
590099484
591714937
592637289
601533292
604561852
605629391
607096180
611088131
611800030
614646704
616945487
619399015
622551742
624734562
631352346
631761079
639352160
642930164
643195511
645151225
646137088
653263590
654615609
655465115
658747661
660063179
662088421
663384280
670132540
672063133
673002606
675446571
676225844
686994949
695950186
696774315
698720172
699420528
699680559
704868098
709379174
709734969
711721386
719933931
720585472
721389873
730769829
737979969
742754098
745036421
754749154
756273378
759577690
760995960
781944976
782291499
786966948
789360871
792413412
795815494
816505735
816953165
821756868
822623287
830301183
837434154
837856142
839388427
840157793
847584264
848361729
860478499
864180570
867209095
869678468
869893141
872668364
874600938
875179334
884079421
886510139
889079342
890598089
890865725
896005216
896342013
902492972
903938270
924321892
935001171
944311956
950099355
950238957
951042659
956339643
966942491
985511804
987105994
989001354
989692377
990549207
999150323
1008976505
1010906527
1014620094
1018260757
1021740435
1031585205
1038026652
1039942439
1040846267
1041417540
1049495354
1050101877
1051291986
1054725062
1060890244
1061812722
1064003050
1067022181
1069115921
1082482437
1087992726
1088695568
1089513899
1090105340
1099893069
1100206898
1104665417
1107774548
1108340634
1108959295
1116916066
1123804486
1137840187
1142663198
1150994571
1151574882
1151675551
1163568111
1166231349
1170372305
1171581032
1183932587
1184677418
1188323172
1190492373
1192713933
1192786742
1198487330
1201475883
1202022939
1204841123
1215207829
1218264801
1219650353
1220185677
1223578341
1224916170
1227952741
1231190952
1238076217
1256098480
1259007339
1262924393
1264892438
1277288820
1279451238
1294292538
1305613091
1312718902
1333488263
1335342733
1340019304
1345636353
1348096107
1348520019
1350612763
1355843024
1357300821
1362558705
1366355856
1368423919
1372666833
1374960596
1380346039
1381049613
1387665154
1391342723
1403409954
1407712995
1410210050
1412163036
1422757472
1426411641
1428189300
1431706506
1434660183
1447691087
1447867422
1453161956
1468922326
1470090192
1478701535
1484498433
1487106312
1487235624
1487323286
1487519915
1489200801
1492865128
1494320152
1498994314
1502992734
1503980519
1516408437
1517881519
1521303708
1525251990
1537335344
1542010569
1553232475
1556665155
1558907361
1567062760
1578107280
1579611790
1581362124
1583149517
1586963638
1589816339
1592720083
1607654819
1615227667
1617303605
1618801173
1624898138
1625023787
1631058752
1632688302
1633584523
1638982933
1645854098
