-494368058
-493061380
-492573831
-479663044
-474777167
-470139404
-468202435
-466834543
-466286139
-462376554
-460151659
-459341906
-445550701
-437700147
-434214708
-424808347
-419670501
-418541740
-412477314
-411360366
-404733644
-404724556
-403382543
-399396214
-397805128
-395334831
-395147366
-393757131
-389658913
-388308687
-370816668
-367370220
-363864982
-361827503
-361299246
-354623912
-340962290
-337596866
-332631458
-326493482
-307566122
-305935912
-303904185
-301380796
-298592542
-296154480
-295571392
-290526433
-287704900
-284658027
-283728000
-282147377
-275951023
-266766979
-266385489
-265200248
-262859708
-257360253
-254722117
-248756177
-248163246
-246325465
-243636059
-241780830
-240511137
-236956680
-229382431
-221809842
-215672692
-215334780
-214169496
-203471220
-190332873
-189726587
-186176707
-184186395
-181666306
-178130657
-177665187
-169453380
-166519450
-160664836
-160019462
-159436928
-156113372
-153497467
-150878216
-146326609
-145632605
-143771629
-139977700
-135468508
-134137198
-133168258
-127684735
-125861356
-117073766
-115704121
-115131552
-113246130
-101931988
-94798063
-94658911
-90901262
-86107839
-80518116
-78898168
-78174639
-71325218
-70636077
-62819471
-61514626
-57517219
-45583252
-43348206
-38726121
-38148986
-33352773
-21692371
-18612098
-12926153
-4624139
2390523
3458793
3615949
4038566
5185185
11583958
12976554
17408978
23782140
24135236
31352976
31900034
41110115
42314107
43906158
46389569
47772603
51008693
53918865
54602408
56707205
66112132
68122272
70840516
74596534
74620392
74682290
75705360
76279545
78187134
82972798
92962932
99529154
108034986
112203759
112816071
114340012
116716465
125321929
128257755
131340353
134172025
136600769
149022765
154829090
173365159
180007057
182736626
183309587
188852786
191451546
199045063
201539807
201943705
203955951
209606368
213355511
216898500
217032538
229568616
245792349
255526127
263447433
277635325
291251530
308808585
316976784
319827984
324722490
325791694
331099451
355320512
356979759
359310840
360144854
361746410
361838989
366596855
369921280
371700699
378777377
380492499
388830763
394869401
396551633
397534569
414600930
416768482
418483162
419785523
434618834
436621968
440472515
455798986
457426576
459162035
460188534
463964191
464263748
466618017
478053418
479601485
481766422
488506952
489230775
489492335
491505661
492277052
493683397
495097051
503463633
504011520
510014811
510764797
519382894
538828826
541356631
548938329
549546350
551402293
563880569
564651899
573781763
575259134
585206797
589966067
590438014
598193842
604933720
613331867
613675743
615917669
631189562
635386147
637638147
638101281
643849810
645975358
666437685
673059560
675989877
679529128
682176620
683912267
684622626
689544209
689914410
715387142
717038602
719377470
730674396
733114544
738138000
743769942
744453596
745466382
745644428
762486766
767040926
768409912
768632557
778792724
779820114
787572525
792850339
804438548
808202906
808581515
812313043
818141009
820634492
822710936
831565220
835077589
836194465
843457914
846941484
853668775
853825800
868062958
871570003
874631287
876941062
886099901
886214636
890387708
891927494
896768681
901262337
901422376
908960629
910681417
912017135
935525339
938865740
943145325
953048498
954580282
955252833
955371254
956139563
956748696
957880381
959834400
960654187
960674641
968519716
970796522
975952280
976492728
978705400
982841197
983332973
988873165
998387409
1001830323
1010574887
1027793660
1030130017
1038128223
1058581086
1059382853
1059436157
1062887660
1064739221
1065306616
1066586128
1069654968
1071825916
1072255140
1078716908
1079059895
1079952366
1091564428
1094769883
1095371198
1097272000
1097848432
1102182790
1103386966
1107500335
1107967721
1124064901
1126870461
1128414422
1131207466
1131596366
1134296630
1136750614
1138253540
1154844049
1156241707
1159239833
1159373349
1160038320
1167250732
1180687005
1181545190
1184259683
1186518107
1193485026
1202943003
1204572553
1205632563
1211089503
1214710647
1231563037
1244161708
1249757806
1250621862
1250829613
1252143421
1258179117
1259592334
1263360602
1267110751
1267125139
1268794057
1273595097
1276088411
1281485213
1282648142
1287189168
1288986238
1293256508
1298027458
1302491982
1303602255
1305816260
1306119540
1310713171
1312247776
1313511382
1314634316
1315754673
1315983044
1317049764
1318084292
1320042348
1320965014
1321115873
1323025015
1324700010
1325051735
1345716951
1351445950
1353101996
1355103807
1389537797
1391066487
1399542553
1402736997
1404251768
1408681983
1416237892
1417104697
1417305981
1418386023
1421376925
1422018481
1422265375
1425473439
1433084303
1440022924
1442481690
1445891638
1446710049
1450148346
1453197930
1453534826
1455769409
1461415139
1467632854
1473521090
1474571475
1476714674
1489352324
1492055382
1492232983
1498562957
1499038585
1499337836
1500033062
1508532428
1511662880
1518373832
1520432100
1521449807
1526478004
1526929416
1528720897
1533261900
1542830296
1544554163
1549197811
1554306629
1557337242
1559643461
1563762111
1567247035
1568224547
1570707654
1574216439
1578480869
1584546560
1585308422
1594613281
1597657371
1608785490
1613556942
1615115464
1622466788
1624149955
1626362173
1634113236
1638078721
1641153674
1643493320
