-499129000
-495462264
-486853210
-473583242
-466747519
-459223820
-454700933
-452169357
-446523825
-438795895
-438464320
-431271742
-430885553
-429701871
-428938352
-428814840
-423189988
-421640784
-403801470
-398927001
-395778883
-392769849
-388612430
-386233161
-384793343
-378751383
-377874685
-372659053
-366713023
-364822710
-363135160
-360277165
-358586992
-349796893
-341464674
-340000787
-329746319
-327330560
-322687149
-315205464
-310590440
-309166977
-306911891
-297980460
-297970499
-290580631
-282989054
-282014412
-281751737
-280023743
-279928994
-279489461
-265313026
-263383446
-258684671
-256889089
-253911418
-243968498
-242990281
-233204633
-230634240
-228173736
-227672370
-221391056
-220472649
-216532676
-213286154
-208920310
-203917986
-202214100
-202179341
-201874028
-199180647
-197883368
-196761142
-179937749
-179598608
-173448606
-172694750
-172272792
-170629552
-164441372
-159393372
-153969904
-153195288
-146488586
-141895476
-141720124
-136840839
-134452958
-127995487
-123124943
-115303366
-111549873
-98526505
-93263665
-76598567
-72221307
-70142656
-68684356
-65507369
-64517638
-58028076
-57642945
-52946572
-49604262
-47296553
-42384141
-38219232
-22776044
-20165147
6959639
7611410
7857366
7946550
10770136
33424260
35297508
41279136
45343058
53574882
56939443
60413640
68637651
74690958
93443203
96727699
101698078
102569078
103123090
107382700
110645107
119480878
120529490
137760029
139138264
139286229
139624893
139854683
141450052
142112110
144834684
152996966
155154589
156184096
159067697
160064472
165680297
174426555
180503766
180634295
181928291
182900658
189034589
189710555
193550658
198374759
201062795
210058106
214481123
222633179
227843428
233628447
242949164
249217043
251002780
252064835
253554421
255594861
257950880
270361246
270833934
274404628
287660056
294452111
296425834
304046007
310411310
312426701
313823381
322514995
331661736
341365914
346667123
350377601
350598623
354155594
363043860
367874951
375470641
377062718
391528784
399334107
400205108
400874211
401211983
402411556
406183458
409197235
410053150
410450857
412078408
413454833
415736906
419121924
422883852
426440376
430104896
431336718
439882271
443116035
449784416
454296984
459112711
466071161
472605807
476668784
478128825
480690626
481512505
488992210
492209118
516499950
522988865
525042772
526201114
526253510
532684367
535839366
545069410
551527998
554181467
554873513
561537967
563641238
566075704
569774565
572190528
573881423
580502308
581029448
583189141
584384795
599358641
601709878
602713256
606211926
607484169
608537283
610980456
612087195
620630960
621241302
629707775
629709433
635787096
637990260
638259617
656565744
660475789
662824071
664465626
671142496
672895038
678835412
684726095
686896499
690503441
691614946
694559277
696153579
697182313
698911786
699311796
700977805
701162069
706758863
709597698
710997811
711270210
712220435
712534319
713735047
714790563
716803069
717196008
718272784
722343444
722827834
723207428
727833555
729939013
729999242
735238502
737053542
743018184
746101662
747412082
749152986
754390769
755251761
759480129
768126901
777278674
777511625
785859963
801053842
803785506
804352949
820399826
844541320
848325554
849029729
851777724
860933007
861478979
862243428
867743294
867858053
869520631
871935247
886615055
896028861
897489210
901943880
902505904
905097218
908347194
909907854
915431554
916023182
917988751
919413069
921449833
923524763
929841549
933572996
938296358
938537945
938638589
940106892
945834946
947680589
951163042
967704485
969543483
970593630
976967137
978326644
980708313
981907231
986235104
1002386251
1002774186
1011658082
1016935695
1017244564
1026446286
1033499281
1033803669
1037794114
1040232676
1043678155
1044899551
1054430207
1054567089
1057686227
1059473950
1060307071
1073715235
1074788777
1077418325
1078037126
1083274723
1084008430
1095154931
1095747036
1098048401
1098171894
1098564401
1099300131
1106193485
1109946277
1110670806
1111336688
1116992200
1117869388
1122838287
1128573790
1128846894
1142949730
1154435776
1155027572
1156527645
1156951142
1165728802
1169411305
1175644664
1175910875
1176314462
1177157265
1182367563
1183213486
1183673949
1190127682
1191635767
1191643253
1203835733
1217295407
1219506853
1223705710
1225362297
1227671564
1235551514
1241160450
1250159999
1250547889
1252327934
1253779927
1260481135
1277483316
1281459970
1286910435
1304765595
1310821955
1315320763
1318150212
1318984200
1327946632
1329197086
1330496746
1330992300
1331545290
1336997946
1340700573
1344967250
1346164556
1352803193
1356374729
1365033882
1372285314
1374412034
1383555567
1391363558
1393244856
1396073990
1396870037
1401540637
1406889260
1409443370
1415664225
1418258803
1419655804
1423775275
1424200848
1424264286
1427454328
1430334779
1434657902
1443410399
1443679781
1444216249
1445972417
1448377259
1449378337
1454771801
1470782719
1475886384
1481393799
1483827549
1488180237
1491241042
1494159651
1510720737
1516747294
1518186733
1521424758
1525753319
1530678241
1532652302
1539199093
1547140186
1548017638
1552861120
1558964125
1577837209
1581572601
1582735328
1587479885
1587770711
1594258726
1595802345
1597951318
1605210525
1612043682
1620741187
1623987799
1628349144
1638328364
1639842053
