-498351391
-491706446
-489395861
-487307669
-483429876
-480936672
-479915852
-477199904
-467678175
-457813694
-456304223
-452389280
-441408560
-438244852
-436526713
-435682542
-434660320
-433506497
-426168840
-425938952
-423017654
-419130549
-406767827
-402388114
-396177746
-395548648
-387971344
-385037493
-381058272
-373205107
-371580883
-364186841
-363438851
-360463127
-359169570
-352224073
-349915494
-338077404
-332206922
-331978982
-320513948
-313984967
-313874587
-313608121
-311489938
-310741949
-308528296
-307286542
-301194455
-298654236
-296969614
-295257150
-287471440
-286846046
-282295588
-281057291
-279717381
-270451774
-269108534
-268633744
-256746509
-256195265
-255069878
-254508814
-252150508
-242835374
-236292926
-234367096
-234060745
-230973766
-218723826
-218154711
-213016196
-205875954
-202489173
-197064500
-194574087
-189063415
-183445405
-182007107
-175676779
-172470538
-168442698
-164468813
-163271721
-148549750
-147035478
-146943382
-146407797
-143658862
-141145958
-138738549
-135803658
-135765044
-133579218
-133086936
-131953613
-128408998
-124512466
-122891997
-116825033
-109131736
-102022096
-99339297
-91328241
-86424014
-79623150
-69689008
-68212418
-65542743
-63640446
-54031842
-53296817
-39447042
-36920731
-33252681
-27437725
-25039750
-24877569
-24254512
-24146061
-18237492
-16010307
-13993929
-12808206
-5779761
-3387041
257692
4760186
5631809
24581324
52812661
54938157
60318023
60711564
68534702
73120688
76724902
81544070
82187500
82513990
87833102
89130772
93114526
96769257
102297893
104303818
104969710
106765135
110564030
115419962
115952861
124486946
125288549
125728906
125938445
127200707
133295539
137172784
137438146
141321335
143762327
160343702
160420424
165636010
169161002
174062382
175161631
178800870
187506457
189155066
190471744
192842292
201807124
207134463
209163925
212786252
215577216
220936636
226764303
237582315
237654461
239068399
253999960
254963290
257001842
260682775
263187937
264324635
275496414
276624031
277134495
283175739
283387964
288513271
294123786
306517553
310882584
311507986
313592586
317482649
319599372
321319300
322304435
326782912
331083598
331220360
343886978
345997813
347915875
349580744
349876229
350382211
361798817
365144369
371328242
378786386
385420959
392335526
394964680
396172326
399633766
403633726
415989944
422802942
428494151
430353825
445229157
452617546
459171794
466488613
467108342
469069027
471529848
478610417
487059619
490217934
491742780
491901004
496879552
499416032
502564350
503497683
504642738
506071125
512707329
514701101
518014057
526488339
529009428
530121288
532566124
535317824
536001642
536215463
536869528
542080532
545552368
549561859
559789835
563765871
565533764
573646711
576261902
587638368
591854097
592771206
601457716
604028380
616391568
617726230
621608488
621948088
622249809
623716509
627167744
630543363
632205946
634040403
640858988
642699356
649677717
654349542
655785752
658671754
664585770
669442043
679478661
680082199
684812754
687797756
695945229
697477949
702376250
706266994
706674446
708744777
712052176
713877140
718200987
719015469
726351142
727586442
727734017
731067850
734644696
738241306
741258962
742907571
755035368
755237575
767733606
777392187
777970780
780931765
781957436
789511154
797046355
800595513
809398337
812712376
817875109
819619072
822633623
823199267
835757408
840321698
866405247
867480709
868293026
885952847
897208466
903997111
908564037
910553902
918468232
920599300
926608253
926869906
934895504
937046647
940934303
943155027
944788924
950967523
958757446
975295657
978633400
983732493
992469147
992586311
995749339
1001659818
1009940042
1029695171
1042106687
1042537541
1047449638
1058349476
1060268824
1061006484
1061783348
1071865573
1073177440
1080744477
1084251327
1084892936
1091776790
1095930242
1099184492
1100243658
1108112644
1109446676
1111111544
1113703163
1116757669
1131418417
1132565483
1138462029
1142661448
1146824656
1153265587
1155224149
1156498187
1157262432
1161084821
1165676898
1171067660
1174209439
1177654945
1196253215
1197496619
1200217177
1200313522
1206740259
1208403454
1212268428
1214330334
1218500113
1218930959
1227918107
1232360161
1236214337
1238394660
1240033621
1245693059
1246283858
1251062934
1253744777
1258781272
1259726503
1264756387
1276544874
1279664872
1284051571
1285252277
1291321676
1293891254
1293895841
1298418557
1320432110
1333469976
1340735668
1345299958
1345394080
1355459967
1359563181
1361853489
1362140492
1363967037
1374545820
1375242061
1375638893
1382802159
1393051878
1394600361
1396236448
1398152167
1404279192
1414500838
1420703868
1426231109
1427203630
1429452470
1429765404
1431525347
1432062638
1432874974
1440599174
1448432483
1454784284
1470034225
1479575260
1482908766
1484048626
1484313970
1489833661
1490178440
1506420005
1513966848
1514871043
1517461929
1522337363
1524516898
1526061770
1526366796
1532363193
1536256709
1542028215
1544082050
1563018202
1563449294
1566120160
1566990816
1567936271
1576334055
1578175617
1581063046
1583955432
1592503157
1593506748
1594836299
1600598388
1604001379
1605342203
1611060014
1613690868
1619389304
1620838155
1623016228
1629043633
1629768394
1631953877
1633626771
1635693054
1637288709
1637386989
1638704485
1642919358
1646735658
