-498230028
-497153023
-491714392
-477147383
-476362906
-474298467
-471351274
-470883452
-470190549
-460466743
-453188442
-449913966
-449634777
-445649741
-444880796
-442481268
-437638127
-432033293
-431198557
-426929153
-423612650
-421243702
-417904428
-415958118
-415129209
-413364719
-405902839
-396912146
-392079512
-390549746
-390032346
-387473492
-384866392
-383096420
-382586998
-379785893
-373816673
-373742776
-372241126
-369355185
-366343604
-363583992
-351785104
-351579304
-347940235
-341696396
-340102996
-331511677
-324178044
-323643431
-318989962
-315633974
-312613135
-311956017
-311199165
-308479042
-299498347
-291408258
-290145554
-289423230
-286405186
-285580323
-281525083
-281425642
-280852931
-271301553
-256555457
-251814111
-251425365
-240677098
-237978586
-223782310
-219018663
-217276646
-213683849
-208574741
-208210938
-205848751
-201034931
-201024571
-199751527
-197094808
-195866870
-193019892
-191575462
-190427114
-185090659
-181015529
-177430245
-171613344
-155869128
-152211163
-148251282
-144873838
-142015760
-141374579
-137204850
-132914807
-128295148
-128111320
-127241645
-121657804
-109128947
-105937574
-100596153
-98457896
-88733869
-84077744
-77550034
-57633854
-47052012
-39637804
-26568571
-24222390
-13636499
-13422384
3984129
7906577
13912055
15814780
16816850
23465512
24897797
27532074
29235706
42090057
43785591
54472058
54841746
58410655
66417809
68008764
70240349
84401425
89306240
92561018
96170911
108427746
113932652
117409831
119175679
122993624
123678685
143520498
149162283
149830540
152942916
159347223
161362461
165228399
167748050
178006046
180326130
181195176
191639518
193866392
197054660
202622777
202833817
213475737
216952774
226277479
228120804
229972835
235001925
235169591
235194528
236581905
246926210
247040077
271893916
273748473
306176022
317213073
329774317
337277950
342198392
354428386
357746939
362372072
366360494
368272669
369439259
369813362
372358697
376085544
379683501
379795257
380944650
381865366
382263958
383109859
388017808
389575205
390060908
394617267
394661689
405894996
408835090
409448681
412669538
419191847
421661146
424279777
440443437
445877108
450615538
450777694
451186440
451788018
452754349
454233518
455701520
456774406
459200313
461135338
473294814
477415389
484953220
496774026
497191005
497517875
508057661
508620975
513825605
517487483
518376938
526374844
529322037
532636498
537412975
540759385
541655229
542254228
545251304
547919986
551030530
553514403
554930039
565093662
572628238
575669741
576270887
584040881
587157360
592059772
593508921
596079422
597446870
616716255
617661055
619667502
620090212
621147484
623598167
624220263
640082830
640210352
644963628
646810336
648576388
651572322
654073370
655505365
673369081
678341976
679339467
681738995
682595892
684154091
689256387
696748250
707774949
710215450
719600867
736682857
738504350
739547247
741027172
741361591
744849762
746322141
746447757
749748707
750016323
754413882
756772878
758095765
759042831
759076780
764537114
765596083
765989390
766218466
767774969
768308970
768374276
770551295
773207249
780982766
786598370
793259316
798484488
807964193
810062900
814586528
822510069
824901554
825827441
828674418
831365439
831601568
836189196
845554529
847795651
850422715
854575023
857242587
862638020
869705107
875552878
876108019
879803375
881543847
881672606
886122429
887516123
891607779
892537953
895011053
899874863
901808472
914460396
917126763
923977622
924627019
924771149
927027495
930235839
937951605
939140172
940458800
941252327
949089325
952573032
953298941
956575805
971398403
971690579
975645296
980832247
981969091
987223193
996216347
998119944
1008472944
1008909576
1008918064
1014722040
1015607396
1027337001
1034947983
1035589735
1039847451
1040111021
1040836825
1041787377
1044048623
1050046828
1050692118
1062478999
1083887958
1088279465
1093740418
1100766768
1112548901
1113393829
1114718295
1122197219
1125315128
1129190168
1129490177
1129872743
1132381616
1135654526
1140272695
1144730116
1145803002
1152701270
1162919361
1166992709
1172466289
1180691643
1188622591
1189630845
1190075412
1190815424
1194860591
1217807878
1222844083
1225663994
1225868784
1227856737
1228671166
1228970290
1230441138
1231812679
1242853661
1243131527
1243768897
1253732836
1265417016
1267405991
1269615304
1272954887
1280238390
1280295098
1281804171
1281882152
1282806240
1289065969
1289243938
1293039021
1307444981
1310998055
1313908251
1327524435
1327723200
1333949222
1338177151
1342493053
1344462197
1345207433
1346162289
1347344718
1351164576
1355191614
1358983422
1361701682
1365987415
1371812298
1406423611
1411539847
1412802551
1415804415
1426315612
1430644296
1433366332
1435962074
1437495191
1442024561
1444442929
1446855866
1450138326
1453583398
1454515802
1459970879
1462928545
1464255351
1468642166
1471343899
1475402908
1479629507
1484483445
1488308582
1498713308
1500456510
1500490107
1504270296
1506777163
1514126950
1518462069
1523762697
1531004039
1532510512
1536267705
1541641751
1541824130
1542106956
1545064825
1564604173
1569157620
1580779600
1585331055
1591729405
1592083088
1593782069
1595530607
1596819439
1602497640
1603816215
1616545772
1617923969
1620131589
1622533302
1632719348
1642010736
1646220943
1646410762
1646690120
