-494915328
-492952017
-474685212
-472446854
-469754585
-461698582
-459682435
-458731136
-451477999
-450788244
-444480981
-443763386
-435215918
-429938310
-426592937
-423235098
-419798789
-414642904
-413309694
-408880843
-407180481
-389080713
-388833071
-387281884
-386341210
-380235328
-379261514
-376956275
-376526652
-358459678
-356845087
-351527704
-346154968
-341625229
-334581759
-332565174
-328970051
-327845711
-324675691
-324372984
-320053693
-315679212
-310940524
-306163321
-303714247
-296315888
-290668633
-286867653
-286719604
-268902471
-266305004
-266293353
-265184045
-257339285
-252988036
-252093803
-249801048
-245019563
-242379630
-241870674
-237541076
-214317528
-214160597
-213710730
-202401486
-199280611
-191153865
-188352661
-166640531
-163864795
-160806264
-160237614
-159426076
-154294710
-153219054
-150718587
-150148399
-148794262
-146171071
-140986463
-140797212
-137552626
-136683347
-126973144
-122029132
-121229203
-117073869
-108908815
-103073844
-80213774
-72892397
-72795681
-72768544
-66426231
-58854677
-56713804
-53941144
-52727408
-50579279
-40458348
-39532065
-35338826
-34449999
-31568279
-26108666
-22872633
-10994399
-10476485
-4598334
-2094389
1560353
5492905
12056675
14820752
16677340
20716454
22066537
22359337
23437329
32646386
32844230
34706181
43326572
45042417
49387536
51672441
52604753
63436826
68062975
68388370
72561811
73912269
75575027
76556433
80268399
85733938
91313492
92095745
98845591
104832038
105624150
106733503
108113244
108580149
111761996
113197917
114064335
118250231
121734132
122858860
135725327
140481776
147248836
156635246
158787454
163091009
168170982
182974831
186730762
190918075
199776712
208436665
218152760
220024122
220591308
224148075
229290176
232853814
236017566
236077591
241957620
248515749
251148990
261865277
270571220
273058976
273506466
274318984
287086305
289373855
313920038
321687849
323098032
327592008
328321738
328984987
333195397
335022190
338733761
340536404
340714375
344320799
345630304
348857675
349394218
349399083
352087126
352539234
356196471
363617753
365845082
365945941
369635587
369940457
371418852
378051463
393623017
395610196
402863873
404930058
405039195
410492930
415892857
420670038
424839325
425988871
434491586
439288131
440218397
440694003
441117027
443471008
445359154
446638228
457873435
466491027
468890371
470403532
473365509
474255332
476012582
476350310
481303315
481725170
483650352
487359759
490982690
506047395
506777125
507245829
509771475
515322500
519305995
522334982
531589325
535911917
538453694
543353969
550760512
555640066
563485056
565042992
566908520
569142334
573255162
575156181
599527851
606418446
606668624
607713080
607747442
608039334
610304183
616323015
627040702
627210541
628228875
629947779
631491977
639993259
640579593
640624109
645357080
647198697
652262092
654499430
661948866
676924347
686241694
687337023
689153143
690194625
691566617
702640845
702969762
703013321
711608254
715992974
717415497
718458780
725708428
727477752
733530952
733983202
743128425
744624221
748107964
755349946
762129793
764448664
769833163
776192190
793460090
799707540
801004340
806766083
830625380
835132244
835714087
839173201
839326423
847008216
854321179
871195941
874330757
876539012
878811577
881639126
881690930
883491953
883960411
884724137
887908846
889492803
890352042
892665789
897849319
900267990
901016538
902923307
916162964
923887803
926451503
938507752
943491243
945546413
947315861
949378491
951516499
959522215
963778847
970558289
972184324
980032908
993649292
1000173960
1009887186
1013453188
1021322667
1029531400
1036359305
1038776050
1053746101
1055218377
1055985191
1063918751
1064633137
1067254732
1074486766
1076184454
1080048074
1080895291
1091644042
1098527249
1099534911
1104507192
1106600117
1109372147
1111416945
1113950304
1115755630
1121421514
1122782493
1126717774
1127051477
1132730758
1138823523
1144210801
1144817046
1148440876
1149296072
1150076585
1152061567
1156541449
1158698394
1161299468
1164353696
1166554831
1167674495
1168455932
1168794409
1175365723
1180476021
1185622011
1194830070
1196779465
1198636143
1215159346
1216462158
1220273398
1221428525
1222454443
1232940310
1233163043
1236709428
1242811797
1245520789
1249963007
1261855727
1265530938
1269759633
1271358132
1291455662
1294027639
1298340127
1304723202
1304817184
1308665736
1310015533
1318128616
1318982353
1325039875
1327092061
1328585542
1329724491
1329878520
1333639403
1336040215
1336208501
1338549458
1347302720
1347472101
1348626607
1360422328
1365036214
1370701493
1375218967
1386872710
1389829481
1402919189
1409676663
1417957771
1420992956
1422932288
1425203165
1426228785
1426585258
1428219639
1429962103
1452768216
1453433063
1456428651
1463920830
1467905751
1468487783
1473914398
1474423328
1481064260
1487489992
1493077304
1499357998
1511882475
1515319199
1517117507
1519217281
1520532420
1523334271
1533018190
1535586989
1541984908
1542169370
1543588474
1549488897
1557918263
1565010947
1565542485
1565566092
1566148151
1566612981
1575548480
1575699972
1579161257
1579943989
1584368447
1593882409
1598579958
1600731660
1608050440
1613953046
1620279370
1622801455
1623801655
1624416065
1628482280
1630082424
1630324323
1637226130
1637387633
1644316428
1646753918
