-497945475
-495119467
-493444634
-492844105
-482908251
-481589529
-480505990
-478636899
-477442949
-474890356
-469182643
-469125031
-465170168
-461800469
-455020018
-444935338
-440229670
-436943945
-436183780
-436019176
-430529620
-401239043
-396960374
-396172122
-384999907
-378504367
-377844012
-374455793
-373389361
-353733934
-352405785
-349761770
-344963811
-339754180
-336107017
-331579304
-325694942
-324476459
-321185718
-313702217
-307500567
-304013333
-302722514
-301020755
-299003317
-293503415
-292777905
-288977702
-288080467
-281359413
-280299728
-267212109
-264398930
-254617296
-251345563
-247307181
-246344542
-241055905
-225999677
-221941186
-219292700
-211227788
-210595381
-210075446
-208830653
-201808588
-201799923
-201337441
-194363011
-192835787
-190581436
-189559421
-188475343
-183678187
-177955683
-176055702
-175408974
-174340211
-173872697
-170947082
-167317331
-164513942
-164387396
-164364375
-163571415
-162129504
-154765445
-152161821
-149837055
-140021991
-125630245
-123009454
-120089041
-117597697
-111853710
-104261276
-93814006
-92594721
-91308353
-87959416
-79455139
-76600185
-74619823
-55004846
-53958009
-34135519
-33284362
-32152823
-29050847
-27506920
-21511223
-20384834
-12648814
-6826203
2070392
8975978
9643566
16443731
19102393
21780300
27386450
28746868
34186872
40326456
40380270
41082060
41639838
43066317
53596803
61900975
71333576
71647241
71876647
75938993
88965557
90721820
92483778
93441089
101110799
107546728
110548850
112490591
115073828
118411204
125017223
126138954
132968966
139761745
157129085
157150799
162229153
162536258
167416757
173321442
178073870
178890048
180720613
180753219
181678003
184110661
185710872
186714201
188347869
191017315
197848505
203354089
205605356
205651378
208443037
210231996
210887989
213194684
216385387
219094417
225961688
226181851
231571083
245863593
249527092
258479703
260582799
261267672
265268780
265516336
268356649
275094909
277828487
282091583
282630773
290287828
290913700
291788160
302216246
302438799
305274956
307103978
307319332
307869145
311545533
316636480
320830304
321985700
324215546
325060319
325312109
330921752
340048586
345318908
345571192
347196228
350500202
354047329
366396003
368740800
370376242
370845388
370923556
383401305
389096169
392705979
393920964
401482438
411622560
414453810
414560116
414666118
417073764
424774222
425357509
427535811
428096382
431702944
439671752
446482206
448761568
450038936
450561927
457709673
462564682
465234660
465620727
473472612
474983157
478220440
479577822
482302073
484461366
485970818
487253124
493165407
498171884
501271361
517900305
521432192
527209802
528616614
528676782
532113190
534167715
536772582
543880685
550310085
551384862
552820758
556865451
562218704
566832056
570200474
573485445
577706541
584147070
600418235
601354279
608199257
618486034
618520168
664107681
668535013
670023078
674928311
676256958
687427397
689852888
690497565
692376263
692967873
698948480
700346276
701885508
704376426
721197734
726918245
727142227
728691975
733214779
742255018
744683190
746331354
747291216
750822806
758718810
761227241
763580957
765784918
770186431
773972404
777148711
779176737
781644146
784263301
790883088
791319291
799561763
804719330
807510076
814358698
815147408
826206371
827552473
828875978
830961679
833016204
834600469
837904018
850024145
857669532
875189497
875869818
879160558
879413094
883866429
885090717
886353914
886847845
889548121
889665131
890342789
897401777
902182467
903262999
903327046
906385755
909822860
911463558
916966149
924415507
928417140
929612496
930123840
931109849
936796072
938456375
949508341
959263904
961012585
961722172
964150254
966177207
974592478
974630775
976131424
981265238
983469168
999893403
1002676149
1011117184
1011743016
1017358825
1017735046
1021802050
1022170159
1027050707
1033193837
1050396914
1053113606
1056462918
1063074602
1077718055
1078467455
1079524471
1081367423
1088673369
1088677538
1089147732
1089988539
1093642157
1094643385
1095866557
1112071710
1112270347
1115080262
1133238319
1134628762
1141511058
1147190800
1154875286
1156486128
1171157106
1175439379
1180615222
1189567578
1192064091
1192534070
1195302120
1199219986
1199761353
1203610268
1206701148
1216727459
1233264227
1236034190
1237386300
1269789348
1270479279
1275428484
1277322269
1278818446
1280419494
1280894828
1285286845
1291559189
1299656624
1308851235
1318194011
1318868837
1319626409
1321375974
1322101665
1326750128
1331588723
1333245482
1346409938
1351329519
1352044365
1358348129
1374459131
1380074537
1384412400
1386386216
1386873446
1388520737
1400257991
1402076169
1404572463
1406536221
1411445431
1414020567
1414635591
1415163038
1416459253
1416928191
1421248540
1421562649
1423744725
1423933022
1427818509
1429465979
1431101489
1442739003
1453548444
1463816134
1490087183
1492434581
1497315115
1500245409
1500682414
1504077773
1515196827
1530108594
1530681019
1530777364
1532417183
1550211136
1555988922
1558953642
1559472633
1565353127
1569687307
1570199088
1570721063
1574941497
1576910258
1577643493
1584583195
1585694223
1586888837
1587796504
1588973871
1600251816
1601913295
1603540592
1607955771
1615220510
1619434455
1624236872
1632587760
1632764442
1635962564
1640173533
1642447450
