-499118241
-498112671
-497298851
-493953620
-492561531
-485476685
-482862834
-481813642
-476937811
-473737669
-466231873
-454723549
-448145647
-446595051
-445374273
-444997573
-434490808
-432255513
-430555733
-424723383
-423801344
-423706745
-416178467
-407755377
-404030900
-395976144
-391679474
-391548021
-391360718
-390012807
-389206211
-380429122
-376795279
-359789381
-356821274
-355191990
-348015463
-339284995
-329277042
-321930996
-312838466
-308978909
-306952490
-302665272
-299988265
-299406411
-294476237
-292302397
-290341565
-287590325
-284512764
-281256128
-280151855
-277450706
-270849538
-268393247
-265686775
-263873553
-256229613
-244943243
-244133455
-243251695
-243174441
-235700545
-233088809
-228734595
-225603571
-222655315
-222230414
-220795320
-215877968
-214057084
-212089690
-205166572
-200452713
-198602757
-194614093
-188278541
-188140774
-183556255
-181346844
-180691370
-180427035
-171657572
-165664258
-162445261
-162185889
-160259713
-154213333
-126052949
-124481922
-122465303
-119490683
-118168410
-111186240
-107425989
-103445672
-102358635
-100459925
-93394013
-93032123
-87835319
-80291325
-60851368
-60152082
-50450270
-45764025
-42996363
-38391586
-33313104
-27451789
-25374988
-24444618
-19266535
-14536355
-11484740
-10490815
-8990880
-4910642
-4157184
-3612809
786664
1088883
2182394
6060707
15940404
28215004
32072699
35187618
36359574
41909246
42955260
43672876
43915709
48048628
58189012
77437215
79166829
81101110
81339349
86586766
88256391
93333506
97353187
97957687
101509202
101854194
105667344
107165449
114344774
116250886
123707630
124443280
127153538
131481940
140711981
141440610
146252101
146346768
150868717
151233494
153635872
164502799
167702941
169635244
177413022
181079145
186863907
187217497
193807394
209691201
210174721
216167332
220875351
223040194
223445143
230081555
234948415
241572589
242499321
244846053
248051103
248139265
251709361
259170114
259316586
262000549
266527885
269500843
276878673
277374883
290413831
291396296
298936868
301013669
306861727
311940865
314651134
316823884
317922951
323586388
324765827
327873515
333264839
338925786
342566590
343180921
344342337
347295153
355810150
365846426
388055336
390117155
392403529
392723111
393333907
396757354
416350768
428533185
428657817
429783631
430545146
439509589
447921995
454222218
454947677
457333399
468851584
478481700
485072486
487655112
491034551
498126997
499114641
508457666
512354718
521412660
522267402
524875909
533541468
535244944
536599722
540229189
542613465
543995593
551760182
552818916
555026196
558415548
559566101
573333297
573492800
582587660
591359264
598168837
599495096
607332566
608949115
609171275
614198673
615519640
623559445
626260595
630242671
637215215
644741933
645999278
647388315
647511485
648521726
665339609
679448499
684868399
685037200
693353426
696556829
698900994
701505177
705142902
709425786
710911548
710930142
717966036
721796467
724617059
730261749
732334604
733934451
754199972
755961878
756524081
765426865
767939884
771485079
773986264
776234646
776977467
790957677
796793946
799296835
803414865
805589888
814595508
820232381
821268023
822850063
823440074
825366596
832205740
833267971
839624583
847001914
848809889
850534604
858131385
863333205
869221236
877882328
883918121
888103241
893129559
893557142
902907526
903384829
914376621
916732620
922146546
938573268
939972672
942684294
947528627
952362972
958728060
964355903
968759325
968854062
982999518
988220734
988243700
989435518
995938149
996619041
1000758826
1001052464
1002178849
1004049676
1007629701
1009983296
1011122980
1014346896
1019497247
1032530123
1034512650
1035321496
1036129205
1036503812
1037467276
1038532091
1043260053
1045589791
1054252777
1058138863
1059395389
1061669937
1066626064
1072807882
1074831224
1093490959
1093694067
1099014523
1100229307
1110695631
1113947041
1119772932
1120866408
1137336066
1150837655
1152743364
1155768735
1157617320
1158933213
1159861792
1160316701
1162935226
1163925721
1166152978
1166459389
1166662720
1167475154
1169817857
1172289094
1180949563
1184692770
1184755603
1189672155
1190334813
1196549109
1197144830
1201243281
1202286931
1205812977
1210458317
1211100255
1212171054
1214117792
1215725394
1219005510
1219609524
1233898061
1237517723
1251737835
1253753683
1256095042
1256730118
1262680168
1275497886
1277381216
1278219419
1287643316
1288175905
1292762381
1293588849
1299233683
1299802056
1300289812
1302572483
1311098165
1316792856
1319216446
1320445510
1322654124
1332162286
1335127597
1335905917
1336353644
1339719074
1342533461
1351876699
1354894461
1357174069
1364272763
1370464947
1377057460
1379609339
1395359939
1396595622
1405068689
1410661806
1414711381
1414990513
1420706138
1422824791
1424227022
1431875017
1437775122
1439457669
1451761153
1451817537
1456021008
1459558365
1462845746
1463799634
1465381894
1468116330
1472122523
1473603940
1481223415
1486437271
1490341616
1491504719
1494120896
1495061991
1500295008
1513726645
1520940087
1521912843
1526774509
1533126381
1535757022
1542122590
1545875316
1555201132
1575331834
1582177503
1582901094
1583782853
1588058261
1600477583
1602588474
1603067764
1603688051
1610750073
1611853295
1623044746
1626966692
1628745227
1632114218
1634674884
1638398210
1645406847
