-498676476
-497300154
-494823761
-493717185
-484938227
-484594310
-477268076
-476567896
-473198945
-463627560
-462693492
-454488059
-452409922
-450572595
-443945636
-437304943
-434614629
-431265124
-422915254
-418756250
-415061584
-405558736
-405351599
-390518236
-376250889
-371362325
-360136922
-359502238
-359078336
-358243069
-349329714
-349137361
-348523340
-347153232
-344843416
-343961121
-342752603
-330732333
-324546851
-323071089
-321934920
-318812654
-315303776
-304041427
-299399513
-298587157
-295560940
-287918075
-286210077
-275909141
-272630870
-264895478
-259907976
-259905888
-246762860
-244831836
-241506215
-239608435
-239469982
-236189385
-235700132
-222735611
-218155762
-214646653
-200127469
-197058396
-192852502
-191022587
-189905835
-189590441
-189413746
-188239940
-186484176
-178755177
-178148514
-176729133
-165129981
-156647258
-155553425
-151867499
-143420469
-143280198
-140227766
-140189488
-137442370
-133535895
-131564214
-130381764
-127843025
-126652360
-126635212
-125032400
-123708875
-115189053
-112282707
-111431170
-102538519
-99110673
-85069017
-82976977
-70198972
-56517108
-50354516
-48673016
-46369396
-43040290
-37833512
-33502006
-33194142
-31011210
-30716083
-25938241
-25575658
-19682572
-1099822
-323163
4253031
5804741
7520460
12596234
22665740
26055435
26056448
26909202
32966009
36983346
38210980
43246894
48509401
50892613
61442570
73800760
83988229
84605206
85429566
87632498
99203049
113418791
114980131
121415411
129245774
136948247
145202512
147438953
147722663
147910977
148732992
150376838
152489423
157270181
166326885
173424768
181446038
182976441
184034736
184714733
184863770
187679709
192368543
213639137
218523678
220770326
222237927
231967487
235937718
247983652
252839639
255867970
261812811
272900257
280602752
287078592
287670983
290352646
307869899
308079088
312560053
322069232
322500760
323010272
328489038
329056151
331755997
333456057
336881504
341834532
345987038
346271957
359095655
363351323
366446832
373798383
374506252
375295031
375717581
375936070
377863828
380081198
386876567
391498980
400095018
410045329
413677622
419564026
424801876
428027710
428056842
430570524
434695984
441160530
441511021
444095745
448050740
451966463
463235673
464952921
465056927
477987422
478467039
483459672
485204628
490784207
494244506
501162493
510745797
521918746
522178046
523107478
525011789
525495688
529344385
529412418
552646493
558371774
560804329
563102296
563285287
572616468
575563677
575964647
577829877
590462563
592657521
598526873
603162496
615296009
619625673
622996178
625447706
625797354
629525515
632036857
633126168
641774465
646975669
651978198
653000820
669053079
669571909
669924812
670388403
670598296
680877362
680889079
687177203
694910886
697699240
699075743
699568276
699709539
711422206
717747481
718398759
721098605
721974018
722590256
745093316
750701746
752200279
758501626
772474285
775318627
777075122
777930067
778275643
784218236
791924967
800413891
808218417
810057911
838136476
838192594
838620985
840179474
841300260
843193908
845211322
847118159
849871009
852615253
863056687
864438702
867430644
869850084
875303482
885006734
888907441
892888244
893790666
895042484
895264453
895668112
898206829
899689571
911763102
916324366
917383757
918408182
918773198
928800553
928922186
929138282
931016449
931973591
933815305
943862327
944021743
948636640
961622789
969669516
970757662
981163338
984700224
996424773
1005538316
1007435043
1012084315
1015450385
1021366821
1022140470
1026901068
1035547597
1036058531
1038118450
1039114462
1039963760
1065511559
1072308338
1075471147
1076195195
1077431238
1082856128
1085177161
1094383727
1095381604
1098604876
1099296449
1099695231
1102334527
1102873849
1109842943
1113666650
1115167308
1115408917
1122411614
1125828236
1136289888
1139672320
1145722402
1148230642
1152736636
1153005979
1154953968
1157018507
1159721992
1173301002
1175498940
1181924215
1190634488
1192359398
1203387973
1204656700
1206404069
1223810686
1226579530
1230888980
1234779227
1235477699
1238982993
1242035879
1242819515
1244224864
1247385037
1249146145
1249801284
1250659091
1255644008
1258225205
1267261420
1268125357
1268640094
1271878070
1273963288
1274922909
1281507959
1284273487
1289613693
1290411260
1299044646
1302148194
1305104510
1305972619
1306506595
1306720168
1313284967
1315171932
1316455562
1322617140
1328209943
1328405811
1329785428
1331265917
1337869432
1344005667
1353367538
1356130939
1363090086
1363625396
1365681877
1374586284
1378437668
1381346364
1385699776
1391292515
1394568290
1404768654
1404800816
1408526411
1413702650
1436381035
1439309556
1440115945
1450622654
1455194731
1458761659
1459168920
1463197315
1469044901
1470086681
1470996743
1481861027
1492208942
1494675953
1496018704
1499001511
1499079095
1499607582
1499868156
1503086469
1508572202
1514210884
1521477009
1523614417
1527947119
1528961856
1529020468
1536359196
1540910276
1543178123
1549255288
1552854602
1566212151
1569741529
1571065054
1571977971
1578549373
1581617841
1582940701
1593428923
1594197274
1594347227
1596973703
1597427412
1597599619
1599881530
1603359445
1606125336
1612528260
1615172467
1615393921
1615555233
1615699927
1627231941
1632262458
1632671376
1635410116
1635563969
1636520918
1636543151
1637335935
