-495224887
-492062268
-482829380
-461732263
-458546135
-458266456
-447834102
-439691575
-434232478
-428576463
-426666004
-423087530
-421567701
-421195522
-420145776
-417867957
-417576556
-409596772
-408535068
-405845927
-404262084
-388656610
-378898060
-374500105
-369098368
-360328828
-358943439
-357388591
-355488390
-353907624
-353011332
-351781348
-344561856
-343953659
-343724188
-342159437
-333215400
-330312081
-325457606
-323523776
-322540052
-322354927
-319271366
-314597740
-302370077
-295606831
-292194963
-287006195
-286423197
-285527846
-275829107
-274959928
-274372460
-270286828
-267896346
-267029486
-263699309
-262876442
-260693534
-259736667
-258230516
-256321925
-254446697
-247181282
-231676274
-229316597
-212418779
-208876481
-208498908
-203361947
-201625931
-192705787
-189876798
-185239380
-181675034
-177767727
-171041551
-169411264
-164677606
-163648175
-161127343
-153787134
-153109018
-149908249
-145907766
-143685408
-143640398
-131836213
-129248116
-126434891
-126231234
-123641102
-123455313
-119953451
-119408514
-110525807
-106647488
-97736326
-95234148
-82327929
-81224730
-76126036
-68787963
-66857617
-65385745
-63122019
-58809179
-55701040
-55156977
-54189564
-42151653
-40139919
-39568810
-38330540
-31641977
-18673688
-15963539
-15215214
-12390536
-10904391
-5893652
-4830920
-3575825
-315590
1797827
6059129
11574682
27271028
27281209
32041598
33484833
35855657
38613081
45320585
46500941
46677694
49933150
56202568
57867750
60130791
62824495
73401868
80149776
95379851
100819363
101396580
105419535
105934762
114650272
117983534
129248671
130466327
137945550
138610391
141888835
142527007
149826567
152055793
157994585
161625290
167495910
170272225
170406819
174087531
176184447
182048425
185549484
187579920
190111448
191276274
197661741
200975927
216256340
217637040
219713118
219824015
224241990
227393098
230268714
234673185
238919447
252027138
254975230
266221743
266531234
270477853
273273718
278070285
285915741
289797141
291018654
295959058
299838280
304798971
308681861
315611343
315859315
316664702
335787884
342217685
342898927
347110094
365640296
366755776
368449659
380210192
388906197
396179453
399412819
414576914
433773484
435871402
439183393
441353885
441883880
451238812
453483303
455982431
457893884
458619429
458942307
468728872
468961127
476112927
485119375
490608995
490687681
491156615
496947684
498256876
504012459
506738678
510173939
516536753
517309884
522450290
523586319
531625998
543376243
545862310
546091840
549783667
553713271
557256109
562158823
565261921
567604223
570196444
574271246
581038894
583651148
608400044
617667944
617830110
618791958
619129706
625670350
634550627
643932915
645336947
646162141
648830593
658366445
666024100
673404700
677787814
682002039
687070491
697882164
698335280
703465657
708734689
709026776
713302451
715149023
717476218
721216242
723650303
726064959
728015056
730886687
739485307
756437032
773707662
778547491
784614710
786236129
787087586
787483036
792072293
799302580
805369615
807347180
808330959
812033081
816819339
816840588
821185876
826254146
833303590
833726965
836573917
840051498
840756446
843300599
848601478
851049773
851426360
853968635
857195540
862407396
864666764
868676368
872914363
877160374
892042210
906067367
908492692
910151948
911681975
912609598
920169790
925530777
929696174
930304607
931399260
940727863
943908254
943911745
945913373
949277843
955660613
956549611
956764098
960097567
964860959
969269022
969703419
970490118
970976763
975160574
985039129
990865220
991567528
994041167
998003476
998664542
1002023415
1003075218
1018390646
1019235462
1023783727
1024000681
1037387453
1038044131
1043173172
1043891187
1055917759
1056658347
1063731245
1071667694
1071851391
1075655191
1079789124
1081908968
1085584545
1089221326
1097229291
1112595853
1117305843
1118240642
1126136052
1130692812
1135051986
1138341203
1145911225
1146400734
1151945308
1153567869
1153754212
1154017501
1159510631
1161625565
1167134136
1169165879
1173155181
1176267480
1182613748
1187332873
1188156489
1192812949
1197538877
1201169957
1202750723
1206790001
1209936136
1211670882
1222900352
1224694082
1229887057
1234415930
1238912494
1241462701
1244893147
1246719224
1249024605
1252367198
1265097602
1265800805
1268580150
1269130908
1272054180
1277080124
1280345318
1280391104
1286055776
1298003979
1299419879
1305620848
1319631361
1319635083
1320456432
1321351989
1327462271
1332237385
1342734373
1346158627
1349557795
1355536242
1360923474
1363519112
1370359979
1370725893
1370912643
1372469679
1382322541
1383016110
1387097654
1394120867
1406705458
1409757532
1415554257
1421633998
1427473819
1427647495
1441754140
1442973942
1444644439
1445493634
1448223782
1452822940
1453044687
1456246677
1459367596
1472451449
1484459928
1487563924
1488967060
1491516270
1499701161
1502144529
1505385391
1505525173
1506254466
1509589844
1511261157
1512422292
1520909913
1526816104
1533279397
1540718861
1542173528
1545165483
1555825325
1557116473
1558375451
1559509848
1560563645
1567598095
1574374581
1582360401
1591115381
1593655353
1606356264
1608911563
1610122439
1611080261
1611866225
1612778398
1614168275
1623100731
1626558185
1626925575
1632885249
1634028943
1634627803
1637798942
1640735740
1641416429
1642068427
