-491418774
-489214366
-486485066
-478325217
-472161442
-465043287
-464436184
-457936927
-457346592
-456231496
-455554910
-454508200
-443087011
-439385851
-436414522
-434065604
-431177484
-422837839
-421453518
-412815111
-409498105
-408568673
-407789694
-406336675
-399004203
-395721149
-393820085
-393628608
-392247462
-390027074
-377898240
-374847590
-373819800
-370148574
-366835129
-364945976
-346609256
-343727917
-333425551
-332564608
-330083760
-325105390
-323197602
-318598936
-317174667
-311169122
-310422909
-309866178
-306537121
-305515050
-304379579
-303996385
-297555296
-296445189
-296293198
-290877977
-287150735
-287076799
-286921998
-281074762
-272931368
-271526848
-265421088
-250599298
-250475406
-241619902
-238639245
-233489511
-229393558
-222055461
-220673343
-215887534
-207405303
-205541324
-201131811
-199995690
-196648840
-193973555
-191744767
-187802797
-181207498
-180742083
-177185348
-176357765
-173388551
-164144062
-159605681
-155676420
-155550600
-155374235
-147025609
-144975864
-142623958
-130570751
-128219349
-124716461
-122978515
-117160559
-115402487
-98461246
-95273963
-95270087
-91436426
-87593088
-86488035
-84407723
-80762973
-79017934
-77678131
-73725211
-70622687
-69975980
-62520229
-58265430
-49125314
-36192766
-30768209
-30221825
-25131204
-18348659
-15236033
-15149318
-11940457
-9551785
-8055736
-7817961
-6390502
-6312888
-5781215
8622342
11650846
17409934
28743829
30342482
41781887
44521668
50287458
57878660
60838779
60923492
61736858
72518150
74027320
74719259
77345703
79028313
81045979
84503595
92603198
94248677
101971323
104569051
112766056
113298036
116131635
116953959
121582735
123872734
127395546
128561867
129436982
129668681
131794669
133998215
138095020
140687167
142916029
144444898
146806931
148533177
149070330
151952074
156766367
172009206
174792036
183538773
185220851
186973815
194185642
201956813
204976362
208613301
208956831
210214393
212828258
218560540
219594457
222480751
226857769
230722386
232840718
236651692
237168133
238633193
240774787
244941743
248430901
250251201
251078044
256459200
258029098
258323466
260207767
261213948
263617015
264181562
266004082
272630251
284127156
288415147
290104068
290685205
299009241
308697565
311401051
323399162
325440598
327910825
332316153
344206644
347917094
350152336
350793504
361248446
362922341
363855284
367266229
371316929
373707975
384149446
390934444
414681921
415666051
419214647
427925537
437010165
439828293
442232734
442615648
443710236
453198099
453926143
461268277
467412412
468051584
469501661
473130968
473161140
473825604
477992238
482075616
486796618
487496144
488110427
489032862
491011984
498318550
498597238
500907370
502809090
503518947
505555898
507378125
522362380
534256914
544574246
547924304
548848896
551185046
551371707
552205660
556505530
560789305
570058320
573592327
580429018
598809452
601331249
601902255
610269240
618627894
621569538
621980228
622769458
626737257
626741667
630701314
633480685
642577956
648917313
652332313
654580226
654731157
655816098
656819949
664965537
666166264
668095160
674208154
674425672
674705690
675454918
675753124
683874026
694548894
701145489
702304040
705351585
707590180
708229337
710750266
722930771
723917358
731974323
740066343
740826693
747655423
751965469
752025496
759987437
762892045
765744613
766956354
774238783
774835666
781474981
783154861
787256880
800607328
800694242
817397309
820235362
820835136
821711703
822166549
826326173
827570504
829416116
829953612
831727002
841737184
842850532
846293807
853650762
855970409
861761673
862444350
865173136
865468160
867410241
878145669
890639191
892850244
923318485
926647847
928491755
933540655
942271058
949189833
952946245
961255808
971402489
972469492
976220377
981395727
989467046
999298506
1002750887
1015345020
1016260054
1017363546
1018749253
1021869957
1033691109
1034536452
1036864326
1037864921
1038545323
1048623656
1055414049
1061397607
1063714798
1071300213
1076223060
1083957539
1090713053
1098162325
1098649746
1102712476
1103444944
1111249680
1114579988
1114646552
1118749117
1124178779
1131948891
1132760005
1138401657
1146297099
1148208618
1148839760
1159933610
1160641217
1170325922
1178701812
1180879842
1183306396
1183951996
1183955381
1190989675
1192216746
1196109445
1198495632
1209429650
1215198105
1218899831
1226334697
1231190922
1247537475
1254574048
1254777750
1255471652
1256297406
1261130985
1261553239
1261701659
1265434825
1270385503
1272020847
1286488630
1293725219
1294913027
1295690885
1299906078
1318032248
1319919772
1323238867
1324726897
1328995128
1333550093
1335125244
1335512531
1336228807
1339677468
1348764488
1351422246
1353651108
1361138496
1383307750
1392100321
1393916965
1409904586
1410141133
1415991275
1417820531
1435504242
1440430898
1443137703
1452062315
1453673882
1463380683
1467650032
1473663777
1475005226
1478701519
1483541876
1489753853
1503211014
1505944460
1510431673
1513564810
1516584176
1522502801
1524427010
1525924464
1534104407
1535456600
1538531336
1547585923
1553113030
1553485487
1558292890
1568668551
1580948400
1580959576
1588207128
1594622929
1595255472
1599898397
1618409217
1619935666
1623465261
1631591804
1634396293
1634442362
1638545657
1639984211
1641895730
1644072703
1645254786
