-498878063
-497762988
-496999255
-486819347
-485714487
-472015727
-460557348
-454918142
-448318199
-447106865
-444576458
-438616156
-423888207
-418062537
-417570704
-404010065
-400960084
-400481155
-394401078
-391664934
-383685803
-376318373
-366698912
-360670291
-355890648
-354707211
-349431884
-340724544
-339003184
-338522496
-334022503
-322621750
-317585356
-316285317
-313262357
-312443331
-311796392
-311375509
-308330208
-306952811
-297564310
-289841033
-284816460
-282083106
-281191259
-278327999
-267963563
-266712496
-261374433
-260761530
-249894804
-248655981
-246130014
-237895939
-236836649
-225675935
-222675190
-214283401
-213579106
-212970427
-211632445
-210469432
-207712875
-205012916
-198204912
-193903729
-192047513
-172586740
-168333979
-166885413
-157896463
-156079439
-143947903
-142962938
-142198558
-131744390
-130227980
-128040136
-126197819
-119498782
-118522306
-117592082
-109461840
-107217308
-101450113
-91590355
-84953983
-82183832
-75254298
-66840505
-63356180
-62234243
-60799115
-60363727
-58819817
-56221854
-48594656
-44928108
-32942885
-29316915
-28105396
-27433005
-19801545
-17128819
-15478562
-10680544
-6833303
-6282754
-5038923
467702
7133596
11354103
14748566
15632228
16863160
20250610
20371388
24183202
26083781
31577770
33552041
39766780
46280603
52620548
57995688
58188317
60425329
60917383
63108957
68048529
70904491
74907165
76146542
76320870
85695316
90236503
92784195
96686029
102536681
104917216
104947645
105257325
106224472
107873478
113129860
114371690
119071116
120111994
131562244
142966376
144577054
147381003
152467361
153794759
154493787
158921832
160938574
162294732
163087662
165692994
166200345
172397965
180527490
184704205
195815225
200735180
212898603
215292453
215850741
218171880
218514519
219205852
222838461
230685888
232048599
233781810
237071478
237161521
249856098
254125140
260034596
262969589
263343750
275036055
275799924
276524403
278036936
288186480
289595022
290448452
296529518
296664164
296786335
297344536
299775096
305279640
305287600
306636938
309489949
319625524
322248130
322472410
324804774
326340414
339483538
352340564
354371903
356406667
361726197
362938717
363510023
364610160
367406200
369421294
370721819
374213496
376373997
379372052
385615209
389164757
390606230
393910072
400915125
412484362
413747178
422105082
425213404
425754977
428467798
429242864
434603207
435417405
438343238
439597939
441154508
448106407
458822040
459337207
465670123
468654762
473622720
476243076
478900980
485778828
503472374
515398163
525020172
529194185
529560978
538328932
541901145
544833335
547048267
551183242
554776255
559887569
560507888
562204404
579329225
585404090
588293996
589037138
602135590
602882606
613043914
614827124
617091251
619914800
625184120
626475082
635050197
639254568
641891434
649306577
656533904
660402720
666392597
668624029
672861636
680785758
683451467
689750561
699733273
706034303
712368523
712821123
713111612
713223780
719678963
725557130
726818961
740165198
741604296
743302457
744835312
748817201
753356656
755059234
755251593
757520965
773014148
774716492
783751559
792198918
794060809
797512858
800506645
800964936
802256187
802427736
802606300
806459373
806954032
808068339
809381560
810076445
822354719
835423094
838462266
839838425
841088980
850438492
863840163
865723562
867122594
868186746
868368071
877436351
877819101
888165915
892438180
893885808
894230302
895595520
901967870
907172980
919796394
922824259
922839582
924870254
953808027
954306681
956211597
964367994
968969447
969338524
972933199
975690294
976176279
978375525
979666902
981564119
986759810
987684761
990288515
998889885
999692876
1012380259
1015132946
1017261129
1018015057
1020357840
1025031790
1027472223
1033865840
1040194778
1046625677
1046725842
1047147567
1055227118
1060980286
1062200406
1069790459
1069822750
1073132048
1075288019
1077988308
1078556917
1086437997
1090971475
1091798340
1101655576
1132390884
1133621233
1133872633
1151097871
1160655196
1173561342
1173961297
1178730970
1182737078
1183859015
1186736078
1197250256
1199340650
1212059803
1213941457
1217698626
1218053801
1218764828
1220826144
1223387536
1223681702
1224949884
1227720801
1229484654
1237294815
1239166582
1243894715
1245202977
1247746249
1249017833
1250175890
1268123568
1271604107
1274028996
1275707997
1275842631
1283002463
1295918602
1298801153
1299189617
1301826896
1303563461
1304393119
1308217741
1310024745
1310986736
1317013888
1317632555
1318481106
1326785426
1334032976
1335093397
1335181862
1341076672
1341452831
1344031600
1345462314
1351055323
1362109339
1363846072
1366714440
1375217972
1375969377
1376050531
1378577057
1384084579
1387138548
1402328134
1404422147
1407136219
1428295252
1435718902
1437775010
1438571076
1440492747
1443550446
1445697454
1451329765
1469397820
1472039810
1477084267
1478617122
1479110059
1486960392
1488265522
1489422101
1498590590
1501439048
1501923439
1514041792
1519329928
1520778181
1523297005
1523431017
1526594057
1526900253
1531118762
1539304487
1547319700
1550365403
1566988628
1567639169
1567771000
1569334002
1572027157
1573399195
1573917092
1578486221
1587815277
1591413388
1593886271
1597050466
1600984705
1602325578
1611698569
1621624772
1622131125
1623967051
