-499827379
-499520655
-496862980
-490784311
-489497304
-476146616
-473459041
-470967927
-469610998
-467316047
-465853756
-464272977
-463985993
-462212242
-454008597
-452861136
-448244234
-443008509
-431398088
-430506907
-429048424
-420102362
-419310519
-414559438
-413073409
-410886672
-410497600
-409435078
-402762801
-398694263
-397997098
-394826598
-394201798
-385807565
-381893315
-372155450
-355068098
-348811686
-333269708
-325277967
-324920460
-320090514
-318080574
-308853039
-296187026
-289981552
-288881525
-287996704
-283292754
-278706675
-273801968
-266293874
-263580837
-255142841
-253762361
-250650458
-249600384
-244560430
-241893679
-240864760
-237700774
-230430208
-224186930
-219128834
-218785686
-217229556
-215410229
-215296215
-212942430
-207091471
-200733594
-200664064
-192608893
-192436271
-188068191
-187612789
-177679951
-173256951
-173120817
-165395984
-163111642
-162754255
-157903823
-149834270
-146986383
-142404926
-140773602
-138479593
-135295061
-129268265
-127241657
-125294514
-122687316
-121889815
-116277540
-113188680
-109773083
-106345160
-105899143
-104743868
-103106493
-83232124
-83179026
-81121813
-80949192
-65695611
-64521774
-62795555
-49975549
-40956898
-33943212
-28153982
-27962528
-26934334
-24302943
-15691372
-12397814
-3986628
-2235186
1343915
6675260
9633776
12002503
15119502
18807784
29998305
33593589
37519422
37999117
38346168
39514500
40068107
55099393
56621710
70335672
73472692
78173865
80838809
82268569
83793107
92906829
99063141
106486530
107627840
121045389
121586455
131035109
133027489
133194850
149501666
151666173
154413323
154704072
155528787
158462592
158981351
159409271
161676259
163222704
164307000
170088434
170432072
171401091
172535883
180928040
194641147
194708374
201734870
202489022
214050499
218275111
226409053
226614537
228830027
229335133
236480879
241638678
252433521
252750471
256759355
258816155
263104635
268193721
270443272
272521450
275417873
276501082
285446847
296136154
299345225
309967237
315584927
318249794
322767213
325183547
325992939
341546849
342125276
345525398
346812080
348904405
353894232
358118234
362248064
374286813
376456903
380523447
382575226
383424290
386578186
387815939
391633083
394146451
395232088
409190702
414097874
417784621
418927664
421534628
424047996
426029375
437826668
444486877
446899220
447959737
457640735
458238469
469680838
473204606
477040972
481736951
490159016
495397551
498766075
503721894
531322512
535313736
542697699
544916354
545582865
549795366
551239531
557482840
558322285
567720910
569110270
578266818
580070491
581430932
582791925
583289868
584411376
585970562
588761804
592070592
593761564
597527093
597619100
601333222
606278415
616640778
616846854
621754885
623307607
625856468
629250011
630484028
630902164
637062258
643767338
649528725
652280548
656253188
658983086
671422429
681292956
684538386
685178690
689223059
704463495
706681884
709427991
714969796
718599172
724950082
729669664
737381409
745469366
748413811
748988174
749121989
752502349
752673288
761084216
764156066
765725379
766885246
768601315
768794521
779991182
788448430
790947366
791449381
794741448
806370245
812877728
818691472
820274971
820830701
822467930
826720485
828887693
835573273
843577948
844495274
848691735
849028806
852361717
855721112
863529715
874437574
874632731
880822376
881092396
883794960
885464893
885923598
891033786
892052732
895919159
907841593
914359509
928528370
932500721
935918124
936675867
943478145
944516633
947351500
948790527
953811050
962520797
963004308
964315995
971595956
972766461
978104712
989605197
995284832
996505333
1002859928
1011119080
1028206668
1030548506
1031606221
1033586405
1034043067
1040478823
1048286284
1050314835
1051423304
1055214197
1074699656
1078744047
1082488688
1084327263
1086636027
1089185712
1091481434
1092991384
1098626724
1099287719
1100502206
1102262766
1107618164
1111386343
1120555504
1123353867
1127617405
1139339602
1142913884
1149210979
1152196879
1152676224
1155135339
1158035733
1163153916
1170492731
1175570919
1176130834
1177085507
1183632822
1190017808
1190598957
1201160292
1214909614
1220228804
1227451192
1228084007
1230015633
1253532038
1258220161
1259466821
1263857976
1269210206
1285280947
1286146246
1286266877
1290728944
1297666825
1305100486
1307717081
1311204984
1313167711
1314283572
1314969968
1317289323
1329740888
1332741634
1338823352
1339302697
1353991046
1356385336
1358730850
1365095027
1373193468
1379745414
1380481701
1382848787
1383330509
1383987086
1385198451
1387966143
1392119326
1392938699
1399504476
1405031020
1413273209
1416580059
1419658456
1422538714
1424743259
1430237129
1433890538
1436971908
1445860548
1448627941
1451450700
1452534561
1462888786
1464845004
1471813271
1475541128
1482121027
1482246127
1482526843
1482840553
1486456725
1486586432
1488699027
1489959220
1490383233
1493049646
1499585426
1500040220
1511831636
1514428725
1515831264
1525716116
1533614082
1537403472
1553605270
1554696435
1556516645
1564147571
1566558994
1570151970
1573088030
1583037545
1586923279
1587887786
1590664778
1593213314
1596521213
1601335410
1604420171
1605177358
1610066444
1616730436
1624109608
1624895997
1625378384
1625553286
1627531881
1633525033
1635026650
1641865958
1643597914
1644970279
1645133984
