-493175141
-491433027
-485845137
-468923923
-455170096
-451539249
-448065954
-445919157
-442542000
-442484913
-440919364
-439594335
-436121461
-434450805
-429483004
-414821396
-413584662
-406308394
-405328059
-405147209
-403281607
-397119877
-395328555
-386096347
-383967690
-382891871
-378588251
-368501744
-365778737
-365115975
-357369095
-355431388
-336986083
-330405535
-324802070
-319317556
-311430161
-302893587
-302447935
-299144254
-298610162
-297272644
-294643446
-293996906
-292549211
-292543089
-285121484
-281628565
-272855509
-272285859
-271607388
-260920092
-256920627
-256801188
-255020154
-252442740
-246956408
-240654822
-233468574
-230625450
-225295482
-223206360
-221486232
-219025498
-214174689
-202445369
-197760172
-197386866
-197200322
-195655765
-194783546
-189888573
-180645329
-169494046
-166595689
-164826706
-159816983
-158604511
-158321826
-152689364
-145503407
-126633441
-121666128
-117937077
-115901266
-114841268
-100540832
-92910509
-89361434
-88938913
-76739326
-74280924
-61582928
-55710928
-43150823
-42615436
-40865278
-40478162
-27785945
-27185184
-23153816
-10377555
-6292520
-2200633
-1141946
5774618
9676012
28271690
28501240
40806073
42466194
46559784
47795445
50087688
55199861
57189375
66251819
81296002
82977971
84224505
87501685
89842195
92879630
93326046
99901625
100434358
103057229
106872162
108766712
108833428
113751173
115006816
117577122
127423304
131544495
132012713
132467106
132984672
138202324
143159138
145954403
150240993
150793800
155655117
155819068
162144042
163693245
163910265
164056747
170639843
174722363
182679470
184723783
184971714
191846333
204213077
204457236
207728674
207993881
215467234
215977337
217974103
218137590
219272028
229238311
231893930
234548334
235030706
235840146
240307084
246544720
247327704
254496780
257891797
267317444
277371823
282926243
284621140
287539863
292169487
306889408
312011867
329196782
329531752
339584633
343045901
359505776
364447137
370195809
383612596
384258257
387085106
395414816
402990173
407398977
409118513
410027536
412834346
417688989
426687531
427034633
427488636
427885991
432116354
433089727
435014385
435888731
444096913
447923973
454462294
455877025
460073039
460433764
465482131
468909699
472650123
475830465
477764957
480142481
487722163
492746710
494095022
494703850
514324504
518189838
521249238
524641629
527307272
538199319
538465875
544419480
544805128
545360857
545844788
546569816
554410544
561119836
574617659
574961686
578707238
582368144
585648095
588032276
588965375
589833850
593838762
597663793
605304130
607334942
613053882
613986157
617165683
619108354
625267731
625804838
630812280
632290775
641566047
650738382
651170311
654847471
654998214
656139885
659357860
659877624
666026160
678066103
680315855
686212148
689884784
691201435
692276234
696461191
699828923
700706944
704997685
705995668
713817574
717469380
719117174
724005009
724862830
727808416
734295466
744101113
748010417
748579860
748860260
751870269
760301462
760626448
764249758
769734918
774345269
777150859
785268496
791248359
796278068
803804315
806266858
808428239
808717278
811488114
811686155
815901593
817263794
819875815
820255076
825599258
826819290
829717648
833655576
840179218
844993274
845816050
847395971
849672635
852196158
862187727
862398934
862625916
867651184
879377500
894191742
898231726
909575676
912056591
915442496
917551820
922291743
925007144
931071774
934476172
934655159
935151213
943574801
944030774
945183171
950166951
951729086
957486666
963780922
965724345
966663220
971079933
978894818
992279944
992352861
999296774
1003132781
1011114180
1018401695
1018962500
1022570569
1043796939
1043797710
1050321408
1055501255
1055977554
1060063084
1061425683
1064773630
1064826722
1075095731
1080342508
1080565737
1080932069
1088192086
1096488875
1101750186
1102176897
1114129524
1120799050
1133799130
1143465974
1144056791
1145255251
1145753768
1146927301
1160905839
1169948522
1170212032
1170511237
1183119161
1187872805
1188378865
1189728954
1190474005
1199945266
1207321100
1207532339
1220916090
1225851476
1240903352
1248245382
1248258001
1251655327
1253636158
1261614513
1261637199
1273901111
1274809492
1281903141
1283122045
1285699897
1286096879
1287872249
1294581163
1294645486
1294663852
1296563491
1296681342
1297250747
1298765382
1299728962
1300447351
1302135719
1306846238
1309485522
1312920245
1316790085
1321281468
1323541320
1325172631
1325493053
1326668206
1329715400
1330877171
1335462166
1336605683
1337696183
1344208513
1345172657
1349191662
1352283855
1356016522
1356843845
1361199372
1364652544
1367626400
1368680459
1381356391
1385475113
1397234431
1399304817
1401723600
1410613193
1425915895
1426919184
1428623293
1433197247
1465149637
1469323427
1470669615
1487099538
1492501832
1494766608
1500383032
1513419716
1521122004
1521219654
1522193368
1524708625
1524854106
1525807764
1530679743
1531076486
1532596200
1532949964
1538013405
1539507092
1543315081
1544468303
1545427197
1554835608
1556057602
1563176307
1564831585
1571544405
1574502734
1584896152
1588093640
1595410091
1596647893
1600946794
1612619604
1615296600
1619526048
1619978516
1623698023
1626497922
1627774931
1631337281
1631950070
1632823298
1635664967
1638792406
1642458380
1644279172
1646285188
