-496596067
-490976409
-483593096
-478966085
-475283071
-474102348
-471724140
-468552626
-465797765
-458854506
-452215846
-443117321
-441392974
-440207699
-437127328
-435615281
-432849346
-431608924
-426678213
-422839894
-417923227
-404292966
-402836233
-393018908
-383815726
-375743521
-373230834
-365686129
-365393006
-365109885
-363988649
-363899486
-330907649
-319789776
-316412400
-307901261
-307433414
-306049823
-304213662
-302594650
-298535475
-295377348
-292590383
-289511884
-287650263
-286038745
-282089502
-281115364
-280461951
-272547648
-263772560
-260141092
-260117107
-260107621
-253499846
-245743729
-237932817
-235686735
-230118400
-217668216
-214735602
-214109302
-203919746
-202456999
-202101248
-201355467
-199243744
-198123870
-196806215
-196743510
-182644770
-177067906
-167153232
-164413097
-159609021
-158416325
-151318194
-148437008
-146315901
-144917534
-144408156
-139952072
-136977896
-136292243
-136277105
-121655097
-104829731
-101036476
-99591010
-99494362
-90810709
-88217660
-80112802
-78863023
-75638177
-74111389
-64130603
-62450984
-61058964
-60497516
-48371016
-47599557
-44565795
-36456545
-35854743
-28647396
-27444701
-26632266
-24402418
-17188728
-15246358
-11593578
-6246116
-5288127
-5156044
-4407569
1939119
18585745
26737459
28755563
32390852
32546523
43459833
45089965
49865319
54812972
63582023
72747271
80136907
97264014
104110508
104209675
108692780
109010122
114868146
120806760
146019278
150532949
156856688
159804212
175279239
175977882
177182057
183007199
187856424
189743885
202464430
203786772
206332892
206704325
212665044
213004062
214943171
216925566
221733683
229588011
231536186
232576509
234594767
242134822
243299774
247851013
248462857
248630388
250031639
250630257
251254946
251792346
252183745
255479186
259998876
260837342
261213046
273836432
280993731
281210812
284969907
287534194
291214191
293447534
296348687
297017881
300066064
300469184
302528136
305587942
306084542
307069883
313165203
315271487
320183422
325867182
326641402
331796728
334430275
344198918
352840870
353231367
357504598
357802689
367283437
370886105
376037876
382142838
385388310
388985672
389531794
390001206
390102501
393444036
398774064
400269508
411241979
411446562
417631486
423046588
432601412
444044101
448726953
453153006
459083031
461647660
473187079
474916074
475915209
476361647
478940910
479581659
479788782
482455411
485189595
485509174
494996828
509898111
510861064
510902814
514392739
516300961
528185480
530718942
530942085
534051019
535229780
538051333
539052927
541337227
544177751
544879519
546105473
551564182
552340773
555686583
556858069
566870288
571426428
572079841
573845528
579086480
580238761
583568295
583907736
585895807
589075076
595481274
596416216
596535128
599786528
602223437
604222232
605873340
606350826
608346115
609640550
611652492
614395776
616573191
619777667
628684921
630961353
634243767
642790986
647365029
650280526
656669207
663976653
672118130
672466467
673817034
684655607
697626005
700458209
701034821
704453361
721379704
721547451
727836767
730476845
733087710
733611256
734609000
735851172
747119446
749253100
754280206
754345135
756626033
763031224
766436758
767843188
768680389
779937264
786701200
790311065
796227843
820756122
825043453
828193944
828525187
833457512
835616094
836720835
839138715
843660104
849806051
854205010
854401070
855128526
871415530
871682823
872490061
872808274
872824807
873955972
874102675
883371971
904678859
906158436
913735552
913880941
913946291
922392059
934914857
939461918
942156802
944336255
949052630
949603565
953995556
957436333
966085739
968000867
968459473
974443704
975369028
976156217
980886206
983206766
986531738
991600940
994962575
996070927
1004573876
1009024776
1011659952
1012634855
1017245786
1021422891
1022423739
1026226967
1027742793
1029654075
1029994550
1040850627
1042629936
1049068818
1054207993
1059718567
1070179830
1074863478
1088209817
1090735306
1097070757
1102709520
1103928843
1117574872
1126826460
1129779269
1130398698
1132163438
1138601241
1141009431
1148064049
1158115934
1158524254
1168025861
1169163487
1177160923
1182350731
1183336672
1186250819
1198842299
1198870249
1199635878
1200833386
1204858606
1205336829
1214029215
1215577963
1217058218
1219141247
1220155633
1235914085
1237594374
1238255977
1252032933
1256249610
1260190642
1261716576
1266092489
1268830365
1269989605
1273955051
1274700216
1278413934
1278591752
1282734431
1282985092
1295053762
1314905605
1322874455
1325680229
1330072485
1338289233
1350045042
1356306879
1357695551
1357744169
1362718873
1370819743
1370897485
1372456618
1377357308
1392838847
1393229329
1395175780
1400645818
1403610071
1406302059
1406880163
1413699865
1414008292
1415688411
1417372618
1430808927
1446760793
1448736763
1451499465
1458958091
1459158547
1460435413
1466655788
1469944095
1472619592
1475892498
1503906021
1508175571
1509900574
1510466146
1514279082
1514592595
1516665385
1517691704
1518060498
1520234751
1523504827
1526965196
1530246831
1539695798
1544951680
1546788789
1549666467
1555738089
1559562421
1559652950
1570079322
1579252911
1587742367
1589082539
1591393701
1592525963
1595659815
1598599402
1602666501
1616411266
1619408135
1622651787
1626971017
1627625769
1640753203
1646830235
