-498160051
-497955243
-494076763
-493394159
-490378620
-482151665
-479114945
-475201797
-467285074
-461569073
-457831246
-457289181
-452727112
-452501519
-441909040
-436117888
-425685719
-422912003
-418317804
-417316780
-409431026
-407479731
-406551119
-405016589
-401467108
-400861011
-397493315
-391347688
-389860216
-388953176
-387575135
-386408155
-384137435
-380503336
-370194742
-364526933
-358150192
-354174416
-352959102
-351441816
-344939358
-343080775
-335733341
-334743523
-316895188
-310447707
-307381230
-306490422
-300408861
-298784736
-285471492
-282844446
-282659552
-279394506
-278038003
-273280062
-271776180
-270295864
-269724485
-263801248
-257861349
-257467767
-255397468
-248699004
-245417526
-245099996
-240700294
-230854793
-230599265
-227873402
-219486485
-212616439
-211141744
-205837949
-195417336
-191170643
-190452466
-184957144
-180745717
-171103245
-164063485
-154943301
-143648928
-143400081
-135967899
-131535223
-131431409
-116816745
-113754600
-113002661
-95000657
-93292153
-79189327
-71286057
-69672916
-69116334
-67091498
-66960040
-66332606
-57662625
-55439695
-49872487
-46826668
-44506146
-39168021
-39080735
-34819399
-34624680
-30257325
-28295383
-20784767
-15301494
-14763514
-2533517
4047775
11539387
12873802
14916418
25445259
31101331
37558022
37647278
39692035
40696487
41930490
46769567
46772124
47863821
53324025
53485746
55325695
55680018
55942212
68329164
71019486
76827267
78785739
79316706
81361464
84919770
88824910
97242006
101178665
112416219
112887392
114438038
121557457
123546412
125715489
128818955
131739405
136913901
137495924
138151121
138601157
140695190
145264932
151188170
154040400
165937673
172180407
172681876
172717276
172852004
174855869
182184662
184395173
185860279
189627512
191526035
193856841
195481660
196756623
207198483
210918619
215546868
216066681
216274432
217906630
219035391
220080605
221908160
227527773
229412433
232185143
233934702
235950088
236374366
237052621
237159487
238112818
238713814
239388337
256825105
263697247
272458889
272551045
274472064
278479138
290291161
292389733
296000064
296412173
298895675
305408935
310981973
314476780
316720766
317368056
317657730
318592290
324463952
327777918
338346685
342670719
350785341
351778017
367656132
371423156
378262431
378837568
380289773
383137091
387386922
388653039
391616533
401402361
410461139
417498415
428398892
437927180
438148604
439691430
440483085
445206781
448376671
452183675
453697147
463405070
468948004
469301167
469406543
472810042
473298730
473935396
475661636
483848021
499285836
499733429
500844006
500937120
501669161
501693409
502414583
513505905
515579791
515877502
530150508
530273655
532176347
540361677
548536879
551740449
554497857
557673627
565066623
565356489
568250649
570804676
577648989
584884396
585011703
588364616
599376898
600364920
601987953
608905499
615542732
621053499
623837643
625290021
625745017
642987739
650117731
653581734
660328187
663732120
666566592
666895669
669177265
673261050
674513994
675192209
681042122
681179911
682761981
688382427
688442949
689262583
702610391
704127369
709140875
713224178
717521297
724115152
731167297
738602881
744155624
753687297
759406332
767944427
768110174
769444300
769598457
770961472
771634882
773232325
773860542
775710679
775800308
777033808
784344023
784884942
785332060
785750753
787187956
792925790
794019420
801321554
810820993
813986754
814434309
816352683
816660286
817666853
818859551
822983567
824811796
828228669
838979865
844931185
846436388
849067609
853529242
859288777
859835607
880065965
887501163
888564510
889901984
891829160
893262520
897520295
897713716
898973021
910140068
911264360
911908490
925460737
933013540
935379574
939590865
943739205
948448708
950452574
952670801
957082379
958324960
958327407
958510094
973271908
986023949
991481724
995808780
997489644
1000041768
1006997827
1010103030
1011493790
1013823749
1014149832
1017471994
1018909618
1020850343
1023381652
1023958425
1025777184
1029541201
1031850772
1032532031
1041665852
1050380367
1051030183
1056986208
1060199086
1064190428
1066127179
1083370120
1090522791
1092758116
1101852795
1102634982
1114413714
1118973847
1121247452
1129847027
1133819949
1140039908
1149067223
1149116840
1150591957
1168924221
1178552044
1179299142
1187937987
1188876723
1189080886
1194016001
1198425785
1201486310
1230363565
1233485179
1237156407
1237989741
1255318288
1262073627
1276273865
1278405211
1285195123
1287196637
1301066805
1312017630
1318150997
1319663249
1320263421
1326225920
1331036126
1340680130
1341623293
1350979716
1351807222
1354586048
1359070999
1359667998
1360577718
1361029053
1364825630
1372823809
1375292267
1377162652
1377532448
1391766632
1398628357
1406032277
1408575765
1413821261
1414987067
1431011016
1437039828
1445742588
1447678506
1447772071
1462994110
1464958996
1476505642
1478081815
1480813720
1491241427
1506757944
1512240174
1515313220
1519271173
1525715985
1525877014
1531655719
1536457220
1537826801
1541772882
1541779111
1545733237
1546374817
1549388584
1558577559
1558610747
1561089174
1567147774
1575106226
1575769350
1584760494
1588015781
1588329528
1608815380
1619564480
1621300712
1630722593
1631420235
1633029438
1635618790
1639865322
1645479782
