-497763804
-493253746
-491807823
-489246830
-489028156
-488224614
-488193122
-484626860
-483050977
-481147961
-479808731
-477562411
-477182267
-473626947
-465661540
-462007893
-461545586
-460369785
-452720107
-438554967
-436075862
-428380077
-425705596
-423872902
-418840473
-415870123
-413645246
-410081125
-409538330
-409489971
-406057626
-404005338
-403066073
-401354467
-395235760
-389173297
-385795366
-384914028
-384502013
-380968645
-380692646
-379471395
-378404620
-377477364
-374556032
-371550417
-370178276
-349649641
-349151795
-344539009
-339743025
-336440910
-305545609
-303192284
-284792944
-283661869
-280059914
-279476347
-276997385
-276807782
-275721010
-263136191
-262726433
-260215236
-258732801
-257911792
-256368743
-251438092
-249909013
-247493975
-244828363
-241503130
-240613681
-233393331
-215101006
-209426360
-208053155
-204821503
-202683103
-202154731
-199770989
-189031622
-188432029
-188335672
-182542420
-169926495
-161643892
-159210764
-154032379
-146649084
-132485341
-131629016
-129627271
-129246054
-122766645
-121877823
-121163407
-119154901
-104928799
-93153413
-91933025
-91093378
-83658214
-80700487
-78215302
-73083731
-68503017
-67807066
-64131079
-63545774
-63407520
-53086030
-52573930
-43073246
-41534811
-35101988
-27598539
-24229480
-21456249
-14635208
-14541299
-8766050
-7245635
-4428863
23619435
25791262
26915896
28974801
29508606
33047406
33129067
33657236
36034282
37677436
43105141
47547519
52298784
66072213
67668629
77235957
77629906
81263655
82145053
86911826
91845204
95439124
98208466
106189876
108901980
110328686
119390752
125157511
126213652
126642356
135422411
138585120
140235955
145214815
146092609
148336313
160737522
160946369
163425202
163781508
164078259
164944648
171566222
176922167
177128464
180835785
182429808
189736275
198361489
202407452
206023440
209248977
217771586
218328516
223632161
225781645
242738557
246493161
248748387
249038829
257278854
275191544
277744673
280083448
282712023
286012299
292378194
293228101
295169437
296837390
305034979
307315047
324147326
325604081
331680016
331823197
333263497
337836795
338426270
344052018
344232233
349405871
356007619
363079957
363689917
363910364
367398850
379093152
381039392
383721594
387603745
393249025
393763697
395747335
397952628
402275532
403946414
417759602
417921772
420544032
421896658
428939951
434490504
442894876
443639044
444376647
452011763
457060987
467844197
474341966
477233336
492670086
495776845
501526759
502918943
504152226
507210708
516405135
518842435
519191893
522356819
527384071
527587771
530431801
538750051
541499297
543599384
546941238
551927193
554397243
558144308
558725017
560477679
577277188
583736981
592731323
595937346
604569528
609662274
611583362
611977441
615218657
616441309
622726660
623735140
626970727
630813938
634855237
637901056
641564362
646405071
652536492
654920996
660071510
662908548
666995992
667649175
673069030
691204760
693381775
697225213
706475623
712223735
713554182
717075155
718779461
727596875
746249395
751049997
754158124
757460810
762854206
764498915
793182160
804179285
804683412
806505047
811638677
813249025
814042365
832992448
844992371
858623206
860424424
862473388
867149078
888557970
892483372
904568155
909985199
913395007
915704796
924722137
925575056
934954631
945533206
946146692
946773587
953894840
956419087
956653303
966178855
966799287
968719216
972938349
974840040
983740447
983993985
997122729
999833713
1000798298
1008958027
1012333732
1016096358
1016919411
1017766615
1028456081
1033392511
1034959656
1044183718
1048410949
1049678649
1051813323
1052046942
1057777389
1059737840
1064207915
1069856258
1077040500
1077682821
1078317287
1081435800
1084612602
1084621224
1085059720
1096808940
1098080776
1102416639
1104661764
1107184964
1108986333
1112853942
1113909962
1116090023
1121672783
1122005635
1122595011
1133348181
1136958517
1144291980
1150184072
1151701462
1156905664
1157777013
1165527785
1169733894
1179067431
1183137418
1183520005
1188050063
1194340950
1199717041
1215606032
1215713469
1216929947
1225317249
1226359202
1227184765
1227879613
1229814612
1232499486
1241152161
1242163132
1249841505
1264024124
1266721873
1276528010
1279075615
1281801511
1292220968
1292256530
1297560228
1302478538
1308548654
1309400536
1322359767
1324172190
1326326920
1326627171
1327506915
1328386697
1328611770
1331430683
1335913922
1336479036
1337127249
1338076139
1338715232
1344635252
1345001244
1352644824
1356680429
1358044526
1358432999
1363616668
1366449004
1377269512
1382175406
1384434070
1388092792
1393820606
1397061151
1402871502
1403396211
1404612995
1405341551
1406849192
1409745105
1425612439
1432138380
1432649716
1445803708
1446035280
1456094749
1456671823
1460985290
1462284199
1463140091
1465457702
1467020934
1467787158
1469678173
1476564525
1476594918
1481522538
1493393988
1496953964
1503375873
1507550001
1518649393
1523159745
1526147997
1530722107
1531227338
1536584179
1550837700
1551150811
1554273952
1557292139
1560726175
1562790753
1562796820
1566080830
1575846552
1580002362
1582447445
1586830222
1587145472
1587463993
1589140826
1597987776
1598664285
1605324908
1606803207
1607021491
1609611820
1614129954
1618716956
1623790267
1627282255
1630752746
1631094174
1632210128
1636363551
1642310010
1645013598
