-488568553
-487927057
-479573835
-478208688
-476236542
-475431964
-474847090
-464432823
-462478510
-459784102
-458728640
-457902340
-451480970
-444045673
-441623269
-437422880
-436502498
-435856090
-422920619
-412077114
-410573462
-410560854
-403240133
-395448926
-376934357
-375311481
-373051972
-370006618
-369870592
-369708515
-361090011
-359881748
-355250922
-354904525
-354239901
-349597908
-347937452
-344954844
-342899839
-339660802
-337316880
-327908958
-325743322
-308139483
-301965693
-296650498
-296570872
-281766430
-280442423
-277196829
-274767575
-264303962
-260420439
-257902592
-255528306
-251054371
-239487972
-232585865
-221066390
-217777246
-217475223
-212723897
-211527826
-210838473
-203431616
-203298895
-199454883
-192247745
-184075217
-183119983
-182188764
-180459529
-179778845
-177040500
-176208336
-175437055
-174209134
-166072779
-163527967
-155908314
-147389669
-136311300
-135868849
-134012477
-133882805
-130275929
-130128954
-128580277
-127480851
-123850280
-119208486
-116013548
-115046688
-113734609
-106382909
-100564256
-75502583
-74088820
-73234779
-67698808
-61161836
-60677085
-59916696
-49052791
-48079148
-41549540
-41276196
-37783910
-35927394
-34763786
-33271859
-32243662
-25289332
-18570459
-9960242
-6383632
-2489501
2341798
7242834
12508528
14676538
21125086
29106038
29950122
36518566
40750254
45898702
46299808
57037392
65139471
67363260
72207480
78791138
81492425
82412617
83412323
84299699
84350766
90853023
91450104
92655302
99967501
103283738
103313082
103998402
104578354
108852481
112991719
125798426
128124337
130643794
134375222
141533153
142231761
142267292
143849722
146823888
147125657
147323691
147962847
148494676
151767755
157655733
166647974
167920292
170248364
172437697
173620130
183158590
191531229
192380323
193402750
196852701
198975881
207834812
210571677
214375728
218640970
219247757
220528026
222222428
227035928
234727551
235162672
235724587
235858570
236650301
239383281
243725716
244409802
246779037
248870680
249073181
254200792
266529297
280446925
282826941
284052567
286082460
301459307
308164292
308620603
312599179
323565081
323631439
329118800
333626887
334499599
336452213
347953064
348287600
349418103
349982271
355089128
362376256
366135518
366381465
381468482
382466810
385716771
388445998
400529168
401135729
404732036
406250008
407092923
415427417
421551015
423381916
429061918
429885154
432167852
439413554
441127616
444090200
444206243
447145375
453401014
463321357
484838184
496447599
498835495
502044819
503424864
503852790
512645538
518114053
518320483
519258306
519415518
534363341
537999382
538589103
550020550
551609233
561661180
565351718
575438747
579270742
584601863
590655158
591539794
604201069
606065812
613678424
616300579
626804722
627483452
641376468
641632098
643447997
644573559
645367445
653153621
654669224
661681244
665554294
666444293
671747414
674832291
676473438
684726823
685599311
690330491
692370732
695504959
696163926
696242635
697704113
698630751
699346827
700527886
700960801
701641554
702336386
720637267
723692607
725382524
727248175
729538274
731689013
732549909
733927532
738386917
738517115
739243468
742751403
745855714
746940183
750500668
752482884
755366070
763290720
768010120
768753405
770423750
775448028
775803427
779459366
792175400
800862416
801232805
802525932
806587750
807740939
811572935
818484696
819729707
826386851
835451076
838256816
839636673
840155872
844815548
845170506
845709879
848551138
851044962
853428888
855128121
856676291
857953447
862757102
864746624
869546119
881650574
883266194
886913208
887316750
890583223
892116941
894897588
903126510
921856043
927515728
939046852
940648000
944150125
954830940
959142779
959443334
960840006
965939414
966267725
972745083
977375218
982637607
996622281
1012005269
1017725050
1019526532
1035944573
1039235053
1040283253
1041618460
1043918972
1048204645
1049218751
1052715175
1057019034
1058487927
1059004251
1062716271
1063118325
1067596029
1068620893
1073496076
1089050293
1092058800
1102785819
1111363200
1112630990
1120661343
1121416139
1123699081
1126186952
1136420041
1144254884
1147271401
1152177718
1152448738
1152695705
1161754130
1165041159
1169516833
1170542297
1177930180
1177991833
1188630420
1194978850
1196233114
1200792293
1201096176
1209873501
1220688454
1229528119
1240528221
1246943939
1250648392
1257242050
1270087928
1272642177
1274706704
1276495251
1278480021
1284722032
1296707277
1301872382
1303105342
1313519606
1315538954
1320748897
1324010845
1326996512
1330354908
1332543664
1339496389
1339609782
1345708726
1348465442
1358287797
1359456208
1360933138
1364396164
1367289123
1372401378
1382417411
1383028423
1389705436
1394924677
1395630889
1403180548
1405440770
1408590765
1408609430
1424147554
1428170170
1431876599
1432771048
1435281052
1439015752
1440055232
1441762344
1442835171
1444508186
1445916064
1449650635
1460481397
1461205062
1461997000
1463575413
1469513620
1486651091
1487257597
1492154714
1504290255
1509413566
1509985199
1511300742
1516264854
1517747367
1520845014
1525228721
1532722106
1532740576
1543792559
1546707442
1574087711
1579044353
1584261667
1589538576
1595417593
1602380292
1604979569
1615425614
1623806591
1633971114
1642838693
1643651652
1644658322
