-494498749
-485986946
-485920874
-484852359
-483629296
-475368501
-474764116
-470185096
-469703880
-462390177
-462223734
-458493800
-439238154
-434829803
-428526147
-410942463
-408015453
-405855510
-401042136
-400417015
-392697200
-387210082
-385235968
-384409176
-383159406
-377388986
-377140491
-375129120
-363309032
-359460586
-352021835
-349298007
-343329683
-341293287
-340463012
-338008781
-335311954
-334268540
-328767289
-326488854
-320403936
-314640044
-309950708
-302344305
-296940739
-291594532
-286362192
-284579493
-282258096
-280405698
-276111034
-269447739
-263956441
-260678040
-259497909
-256702982
-253996658
-253818266
-249433263
-247492567
-244374416
-241267967
-237807259
-233565826
-225878474
-217234680
-215841612
-208610891
-205376272
-201250435
-199444992
-194533996
-191456370
-188155276
-185079828
-173683208
-172527562
-171345495
-163885709
-162108116
-148226565
-144825220
-144074026
-134323135
-128247615
-125212246
-124410527
-123090190
-116619135
-112841969
-110481577
-108523064
-105793287
-101795810
-96942775
-96713312
-93242125
-91873384
-90645646
-89851161
-82763947
-81672269
-73561289
-72226244
-68508002
-68479908
-66315437
-60929202
-45088921
-44362139
-37788757
-36229197
-34371044
-27630159
-25139442
-24054872
-22729319
-17861576
-14241560
-12704151
-10926299
-8976338
-5114815
-1763700
-1381651
-52050
1906049
2133386
2570714
8898458
10941341
17338676
18096547
24651857
25275533
43448843
43485250
43655053
45103003
46599027
49428545
63910494
68286970
69515339
74430604
75880299
78001246
83965679
84298947
89494289
94567454
97636435
104111413
115681000
118217266
123489229
126267890
128045483
128150871
128392641
129116052
149829391
156703024
160111403
167164526
174006175
174766897
179414905
187266005
196261471
196301298
202711509
209764980
210617964
217560565
218157576
224114467
231991514
236854338
241734272
242585312
244970809
247113010
247883034
250680281
251595613
252192614
256755858
261405891
262677667
264253738
266912549
275218594
276562613
281851004
286573390
294532124
295005729
302333329
303428816
304743119
312147124
317114752
317292180
317570370
318086594
319696777
323910783
329725399
329979003
341992110
343575178
347107084
350059965
353890809
356914522
359734841
362876141
370648407
396334796
398975639
399073888
399363308
402146702
422294981
427525724
431033791
433190184
438409401
448744811
450361526
452109885
453874161
462156407
462348895
463947678
466156006
472733769
476444722
477125167
485541655
489113371
490742200
492417950
497396268
501083689
502360932
514054545
517971976
518157499
527320899
538686044
540713858
548074733
553073625
554174413
559604592
561382185
567525092
569724119
575030755
578013685
578092797
580799831
584027132
585459807
590060397
594579826
595339922
595340144
599720750
605205963
607565548
610525289
618512503
620848916
625181419
627827160
629643180
635624875
640093902
642324744
646288216
657247224
659009628
659387487
663944658
664349063
664551729
666255825
668244835
669464549
675081350
684154882
685943265
691351613
692954674
695670425
698692762
704441643
705401904
708009113
711555432
711687684
712919906
714654540
717165967
719481030
720308335
722509902
729392419
731578673
733897563
745690016
746045417
771651863
774663361
775917927
781998501
802351202
807231945
811942471
819125765
825674167
829239775
833666794
834909046
840473108
843410107
844746655
850862566
858414622
873183215
883567303
890254185
893241439
898836991
899311258
904790656
905633612
917341234
923993346
925525089
936045496
938843467
941405612
943385099
944294831
947032062
951978273
958411637
958812897
961486783
967407997
968799843
976350251
987731720
993289156
1013985321
1029131195
1043167166
1044928980
1051948152
1052219162
1055981575
1059319158
1059616423
1060883387
1068589866
1068713979
1072641122
1072954068
1075308116
1079051290
1080443608
1083849308
1091547053
1094087092
1096558875
1097297656
1100773440
1101850478
1103682789
1106639061
1112381976
1116814316
1117590072
1119051919
1140594339
1146934035
1151417574
1153488781
1157906726
1162058476
1165181698
1165967229
1168771510
1176064317
1180313984
1182522757
1190226100
1195448851
1201338509
1208299574
1210596492
1213079957
1215444522
1217044582
1219299353
1235832376
1242225125
1259480153
1259591334
1262956846
1266952788
1268244773
1268837781
1276822508
1278288880
1279578411
1281133753
1287780128
1296375271
1298675331
1299216969
1303232221
1321916733
1322122245
1325126695
1325148555
1329403447
1337550395
1340048410
1347125612
1354565135
1355485165
1357584492
1359560903
1368007561
1379407477
1379797440
1386856988
1387484999
1394171251
1401748460
1403963410
1404054136
1405666068
1413965709
1415681522
1421163568
1422495390
1423698026
1430216735
1433085886
1436248728
1441688652
1463382006
1467239695
1472500950
1474207668
1474924938
1475255375
1484258288
1484682512
1488315741
1503023247
1507519836
1510589799
1513888761
1514847299
1526820799
1533294618
1538944465
1548465562
1548998171
1553076244
1557444165
1565989960
1569020142
1572923009
1590031984
1594090389
1595614704
1603810509
1606587011
1606597032
1608103443
1611220949
1611659205
1613643974
1619950846
1620129986
1621373480
1621932605
1624778828
1626627306
1633749763
1636011731
1642326223
