-496806172
-491691543
-490316830
-482564836
-479485371
-456170669
-453970420
-442920433
-438615103
-428172412
-415461925
-413123598
-407704569
-403115734
-401752470
-401333207
-397207577
-388756994
-385071763
-383894770
-383387151
-383017721
-375175294
-374212599
-368788881
-366680138
-361775337
-358680039
-358600173
-356227520
-354276810
-354152251
-346279059
-339629373
-336595889
-327807616
-323010793
-322850807
-320610588
-319547680
-315822619
-315688892
-308684668
-304273209
-303887688
-299927250
-283874940
-279325016
-275942694
-271243163
-259261457
-254207377
-248501078
-244653169
-230886621
-226316598
-224395216
-224317096
-221589467
-221454353
-219604844
-213063048
-211998262
-209716602
-208339497
-202734731
-183066380
-182502757
-181828071
-171288911
-170288810
-168946703
-166116276
-165998540
-164256020
-161146354
-160204570
-159527717
-155351180
-145525159
-140571429
-139859322
-137259820
-123330675
-120512143
-117383961
-111191604
-100597724
-87128859
-73295419
-58050241
-53744244
-50368791
-27887176
-12013223
-6717826
-6097082
-5353564
-4911544
-2172950
-1648082
-252457
504980
6157045
6264038
9984235
11066057
11850119
14127925
15947209
17422363
18468232
18774697
27083155
27901404
44819965
44840575
45310485
57589675
64388143
64472373
69670851
70179506
75075889
78884665
82115776
83752421
83915881
86946250
87052540
104443639
116589339
117697737
124205826
127293232
151141610
151801181
159784109
165372604
167832997
168217972
168439097
170313062
174876952
179351320
183602483
191306440
193149220
194495558
195630512
196739071
197344650
200859594
206345994
212413306
217868312
218263659
221842339
224209377
225397015
232045611
232866473
234899758
235272127
238012627
244303891
245630632
249060263
251429336
251841726
254300597
263460503
264545123
269341814
274693592
276976024
279288829
282073113
288669585
295903036
299397524
301583960
303373308
304329686
307727524
312064537
313857413
314078111
320660735
323837557
325689195
327081697
332106133
332630793
333205535
336676273
338095899
340419026
341548634
344658298
346404357
348164490
352144106
365529339
365543722
365726357
372779705
373806238
379357133
384211519
386635446
398073077
398468226
398955126
426987596
427209561
430369539
430920822
448093345
454301386
460657146
462672025
464406865
466482116
470339393
472929446
473041205
473331705
476631158
483262489
483913488
489306075
496029941
498281500
500080523
513930163
516685695
517100013
523421465
538455193
541530616
542137798
549280148
554971733
556930792
560381161
562526110
562740061
565953055
572441976
574939544
575315331
575762849
577894282
586186434
590313984
592526049
594716227
603762797
603976415
618887490
621301079
621486729
623914005
628360477
634433230
637363926
639192954
640551921
644787989
647527678
654650502
663390034
663581079
664089636
666686579
667965515
669130115
674429643
677279614
682663749
691428862
696986752
701472053
705695480
713240857
717568547
728666316
730125980
737257407
740156349
746951700
750698524
761732794
761817689
761982913
771634144
776655519
777744496
778893608
795932146
798229353
798972472
810979780
811824334
811907651
812569518
815859324
820277392
836601282
842709943
855436828
857841390
860170055
867426141
867845681
869836458
873191096
873244978
873487512
876764793
878516021
879931497
882717965
890314384
893556682
896536298
898104335
907743426
914990964
925835202
934368115
935800461
939357769
943555821
947050500
953801203
954514919
969055179
973269641
981830041
1001047577
1024009618
1025991183
1032398396
1033064135
1033915982
1035406671
1043291530
1044459256
1049488788
1052858089
1054430612
1060170322
1064682684
1067083802
1068334253
1093783434
1096390851
1097818771
1097833693
1100371097
1103723958
1107502745
1132919567
1133095872
1133446174
1136059385
1136107007
1146674147
1153434197
1159131038
1176670814
1177433464
1184104343
1191076123
1194539746
1209123789
1210209651
1216162975
1220307456
1220730976
1225148764
1230293145
1233609966
1243983644
1245696855
1247350013
1256996798
1261480184
1263382443
1270016228
1278475286
1279165525
1285557508
1288335888
1289545183
1292132271
1292531318
1294296349
1304854228
1307181353
1309908775
1315368623
1319544518
1331172301
1332077979
1334957773
1335707304
1337587254
1341989042
1344282958
1350008923
1350408031
1352094467
1360996496
1361226951
1367299815
1368396261
1374599163
1376771662
1382029820
1383490248
1387372903
1388141434
1390223184
1397345799
1400375786
1403092272
1403910229
1408636548
1411790657
1412266717
1415014435
1420083750
1420613545
1422435179
1422996338
1423277578
1426405457
1426700989
1430325509
1433611099
1434946106
1436526797
1441809167
1450317949
1454117522
1454125973
1454882014
1455399018
1469930698
1472740481
1474526587
1480263431
1483912664
1484078612
1499112340
1501252297
1501910442
1504058025
1505053603
1506794608
1508701130
1511631455
1512934031
1513788413
1517572725
1520809432
1524890075
1542744428
1548426761
1551856142
1553239099
1554072415
1556796100
1560817084
1562606633
1567527535
1568552361
1572912739
1576532804
1583580859
1585421897
1591037287
1610518776
1614060442
1616296609
1617486980
1617896651
1620757938
1629137682
1631871222
1632390804
1636888176
1638010661
1638356941
1639603219
1640634059
1643288218
