-494185809
-494181431
-492702723
-488603390
-484321099
-476301221
-462899773
-462599074
-459639707
-458844023
-456616269
-455504050
-451298210
-448642137
-444660187
-441025733
-438183136
-433897748
-430070157
-424006990
-423361953
-418426150
-412437449
-390327991
-385078563
-379972413
-377615440
-372988243
-370099521
-369543201
-369376864
-367479179
-354992689
-354857208
-353756316
-353132898
-348735186
-342792465
-339279786
-335888015
-309554568
-309229263
-304802923
-304321224
-302145631
-298025010
-297763924
-293412503
-291781020
-288416951
-285162114
-279276467
-277319483
-273489698
-268315821
-266295577
-262749898
-251426035
-250677208
-249625964
-249200837
-245287087
-243995966
-239416748
-236718812
-236152621
-226936049
-225834373
-223879953
-218112050
-216895226
-214115375
-209127944
-204315525
-201553532
-200703273
-189708740
-189487314
-186902893
-185780071
-182664823
-176462916
-175704091
-170246486
-159975829
-143470431
-135519663
-130050535
-122656592
-105134776
-91538841
-89806029
-86550646
-83707439
-80962318
-80813274
-80488182
-67306822
-56083686
-54826262
-52758977
-45149785
-44219671
-37238256
-35436072
-34285916
-16088550
-9628384
-6620247
-3547860
-3030727
-134823
212242
17574168
18873579
32934577
35556805
36432691
37928300
52352544
55201282
56655069
62823723
71137384
72515463
76897007
77647724
79159539
81030215
81348719
91209039
92164090
99509803
108720933
120044208
121795933
127001852
132236820
138055389
138204839
139464588
143212957
145112812
147336451
148774058
155296118
157311291
160231636
162177809
163114934
174206062
177013029
198498295
202320482
208139051
212838100
216909182
218004486
218088972
218191779
229983394
237874330
240165329
246263266
249856158
251713665
262304962
265030798
265928468
272232728
272717349
277959587
282183311
282433444
301844274
309044911
312135661
319584238
322335302
326804266
328182238
330708258
338293456
338549500
340098998
340231526
340764704
340791588
350375125
354499373
365713968
367769063
372800250
375147163
375204209
377671100
393764120
396164255
398581402
402814195
404402852
405890241
411804951
414480998
419051904
432074308
432163249
432884083
435390716
438613851
440094764
441566444
445002884
448534832
451958779
454330691
461820431
462312630
465838862
467803346
478229010
483866662
486627193
498437372
502934134
513137347
516835481
521697246
521995857
524583019
528758750
530397210
530471777
531338553
534422124
534941247
540480202
545280395
547435893
553479870
555096860
556116847
556677006
559847537
561509000
562057539
562399683
565225195
566926180
584258597
589763596
589775394
590778224
590924387
592224270
599722045
616194002
617248527
620090736
620679784
621659524
631915331
637626793
639329766
641010563
644177501
648307840
650387176
650724923
659079237
666334445
666377433
670243543
678328378
681958007
683803056
687284596
688054990
693023162
699889327
704070909
709004130
709464730
715817075
721005857
721117890
722118486
724406045
730293640
745041636
764176201
770820277
774307021
779899975
781205147
795059017
799665654
801752615
807213474
808221177
811867490
813365118
816988559
819146885
820295809
829044020
836772066
845815918
845912263
846194440
848408099
849933399
855136414
855705377
858499343
861039674
862332345
868047690
875496790
879951751
884011079
885268502
887508863
894533748
896861354
899420311
913132509
913198849
913792150
917241452
921794919
925046326
927705387
934471058
935014241
939646991
940489911
950782831
955822910
963845539
966886157
971491926
971551939
973735746
979214144
982606669
984375282
986139861
993948634
998921849
1000005884
1005188091
1009844324
1010318460
1013785815
1018967699
1027049398
1031673052
1032458454
1033422750
1036932342
1037166974
1044378032
1045073913
1047586952
1051408090
1058818427
1061610652
1070784101
1080138223
1080316073
1081617578
1087504579
1089409571
1110060798
1116804335
1122453485
1128048919
1129382593
1140698607
1151972386
1159045021
1167961344
1171124114
1171196046
1174286585
1194518525
1195348756
1195511928
1199839323
1200684580
1206928570
1211081283
1211345075
1212266541
1212378612
1214066612
1215687920
1215695020
1215845809
1220065891
1221446521
1231461381
1234750190
1234833957
1237891187
1241886670
1250946360
1253390924
1253492792
1258934158
1265524865
1270086200
1271503883
1274629234
1274648232
1277318074
1279513487
1284155733
1287171368
1303703534
1308141220
1317367798
1320025014
1338059441
1345827372
1354703690
1357201477
1357276549
1357718659
1361426567
1369050415
1372648354
1375036381
1375775484
1376495230
1383271621
1383563305
1392349609
1393360808
1395340127
1397561770
1400337754
1404545986
1408117873
1413338638
1434857790
1441243762
1444378903
1445973061
1448641364
1449704895
1460840507
1467948818
1480955125
1481451587
1483971853
1487521497
1489344198
1490268425
1490377500
1492301602
1495038466
1497343155
1498586652
1501571236
1501621158
1504627902
1504850422
1512444768
1514020105
1515142536
1515300301
1522102749
1525270015
1538453666
1538661606
1544835613
1545108916
1547802363
1552955325
1558381670
1563481264
1569701101
1582150100
1584271978
1588606287
1594300935
1597962404
1603995154
1605168386
1608082213
1622182275
1631390628
1635084701
1635619633
1636418493
1638061273
1644167240
1645683577
