-490603600
-482637238
-481178614
-478736879
-477563489
-472962436
-470297235
-465261696
-464501665
-458996227
-454924894
-451815177
-437489860
-431361420
-426127788
-426037280
-420549332
-418391253
-415931086
-401862908
-397894745
-396169161
-392078328
-388755039
-388207183
-388008659
-386763843
-380823099
-376132344
-370287693
-366366939
-364900841
-362032671
-360074504
-352510324
-343369902
-340980008
-339683309
-337792696
-334598123
-330475375
-329318625
-328432992
-322962841
-322161429
-321815888
-320794243
-318580076
-314429077
-313275909
-311536896
-301892969
-300938381
-299600723
-295273733
-292494727
-287067972
-276597031
-276079722
-271337634
-269578138
-261894482
-261812520
-260232641
-257404578
-252516248
-251846154
-244484984
-236262703
-232024002
-224808590
-222771797
-221659969
-218509400
-216930496
-211155336
-209579944
-209300295
-206787259
-204869274
-204802496
-200845493
-200039751
-195460862
-194956873
-189514863
-180203773
-180081644
-178098100
-170159103
-169213983
-166538698
-166209247
-159084808
-156696188
-155788201
-149126745
-140891625
-138335353
-135923680
-135631941
-135433067
-134071416
-126671498
-120376109
-117271897
-115577395
-112998086
-103830930
-103778183
-101613455
-94400526
-92002701
-91361468
-83972870
-82919602
-82211832
-72159972
-72038691
-69680466
-65029871
-56313046
-56295640
-53340305
-44982484
-35492808
-35459924
-33667229
-27084865
-15848422
-5799225
-4841818
-4072645
7002397
9623969
11609044
12935173
17442346
22481822
32158525
33871665
37005616
40451576
43378889
52671123
63106724
66810333
68372802
70712462
72585089
86849650
91418836
94937999
101349411
102022381
104490235
105644196
115180393
116301449
116426850
128027108
138711486
139717934
151881588
155191152
155885310
156654004
157956909
159425705
159683578
160543830
162614223
163525443
174381056
177666622
180786224
184502181
184953421
187433755
188916937
190173661
192885361
193203309
193620395
198768838
201264944
204030677
205283252
206200179
208090210
212165555
231971138
232754190
242828515
243671206
250408174
254486149
259685515
262168344
264713432
268853411
271528058
273960520
277165662
278688376
282351021
287208966
300874093
307983977
308145622
308391141
310093610
311015120
320070323
320164213
334767818
341115635
348397022
360023074
363884684
371187842
378732190
382857544
383237338
397678934
397786574
414218486
418891743
426875053
441972526
445595394
446409607
447074060
448515205
449890584
451884197
475594427
476470337
476651985
480934033
481430985
489199232
496970046
501176746
509968996
510407643
520091484
522365334
525905641
532716705
533786302
534115208
536189173
537604431
546646271
553018658
555608407
558836041
561709050
563161952
566379982
566467164
573103327
581111283
585041389
587191744
593151555
611724688
611996021
612823741
629096341
630655595
631923394
632194444
634957498
639955152
644754925
644770700
645777965
649759306
650770916
650950230
651675002
653985846
655366074
673386741
678498326
683378036
691339885
696970984
705111398
706038725
715956450
716712638
720852616
723629436
730337745
739893163
740413144
743439405
746369856
755481829
762941571
764228904
772312160
777103472
786536496
790266348
791583426
797282862
805670542
805783873
806492882
807267861
810636527
812025557
813065039
826959104
827756003
831777702
844105642
849577611
854233926
855772679
860285121
861596766
861622524
866178007
866577133
868300832
871465677
874391529
876082163
885650422
885787936
886967843
892934130
896970910
897645754
900756106
910431248
910944562
914742854
915018069
923802162
925984067
933700826
939310776
949667877
952045269
956038073
962803711
964566927
964758910
973861267
984376386
989503108
995618155
995862612
1001496684
1005251896
1010659514
1011153954
1018811485
1025597125
1029246513
1031752809
1032561210
1032759196
1032771415
1036904465
1037606701
1039811250
1047050381
1047315814
1050159051
1055254268
1063470374
1067508611
1069549548
1073775188
1079435573
1080833136
1080983320
1085678330
1090024275
1097235483
1106918740
1111129429
1114051382
1130037731
1136134094
1137409751
1144982266
1148374634
1156542644
1162142317
1166120674
1174199113
1177498956
1187063770
1188266505
1190915487
1192322936
1196458675
1199275912
1201764957
1207552322
1210140016
1214438320
1219052784
1238671388
1241946790
1251442622
1254193780
1260100985
1263590181
1272251233
1273238632
1274151945
1276629666
1276969299
1278072822
1284036967
1286193703
1290148650
1293183603
1294426468
1297457561
1302431969
1304006863
1306934377
1310295023
1320312756
1321937972
1333687637
1335630576
1338905872
1339134142
1346235449
1348114221
1363999548
1365318614
1366716594
1370161705
1385205113
1388908023
1399825776
1402735036
1417847044
1421327070
1436196847
1444920182
1447242349
1454250668
1456551462
1460607211
1462291840
1464567142
1466112759
1477235706
1481426070
1486218278
1488133595
1495030921
1497424039
1497466894
1506216289
1519211457
1520956582
1523374773
1526214507
1531839550
1535566556
1540619449
1542061591
1543999395
1544555166
1551414541
1557755650
1560436837
1562952107
1566575074
1579198273
1580717431
1584637082
1586617894
1589931380
1594033483
1609054405
1619145334
1624177305
1624178032
1627241254
1629133844
1632323114
1639108589
1643343669
1645758063
1647466242
