-498093048
-479363446
-475866987
-469952259
-462483135
-456463729
-454274348
-449872268
-446893177
-446139275
-441720924
-435011173
-434354314
-431493533
-431146260
-422902872
-417516209
-416531699
-410655777
-409578665
-408185117
-407825963
-406418371
-399732043
-395563216
-392633959
-391845500
-391224297
-390762497
-386265648
-385363131
-379218572
-378679113
-377614865
-377285535
-372320306
-366746325
-366025102
-354631503
-350240777
-344380397
-341483651
-337363572
-334377289
-332315072
-326289932
-324458856
-318170634
-314816360
-311545125
-308539469
-288985817
-281734310
-276969593
-276109954
-269807591
-269288175
-253749301
-251062316
-243019736
-238415645
-236444562
-233270564
-231450101
-230278572
-222245396
-222112454
-222076631
-217064531
-216947901
-214649106
-210922331
-210458393
-207020377
-200081669
-198299450
-197800676
-195556254
-195445730
-188620339
-178709125
-177018854
-176495866
-174774630
-170341297
-168086713
-167485189
-167334251
-150445102
-148538150
-142715276
-140808324
-135000670
-122974653
-121284424
-120930887
-112514522
-108330965
-106212031
-101864101
-98029408
-97953219
-90069349
-77656659
-70092954
-67644140
-62386790
-53332084
-49568476
-45158734
-44815689
-37734872
-28997963
-27156363
-22526633
-21492602
-9663307
-5076605
-4697823
-921683
2602038
12197494
20633836
26876604
35790478
39946036
44338287
44653859
46935545
47990804
48450023
49959887
59619909
63176075
73648145
79194364
82864006
83922584
87374168
88039530
91991933
95383071
97884486
107641113
110727042
116108107
118636580
122109077
122542609
124488804
125296742
125587495
128401861
133075465
135558992
137246616
147085256
148313531
148634356
148790541
152349353
160618872
161256289
161948287
167038994
169732106
180438765
181224640
186870873
198816284
201888923
202763364
205937578
207079917
207438156
210653527
212466016
213887680
226739053
236786587
246484119
249405682
250616188
258963445
262265225
262976444
265312847
274303706
275935004
280653071
283908348
292770742
293196074
295753713
301291747
305980199
307091455
309028384
310999497
313648762
313797748
313898044
316306175
316652431
317906638
327705958
331593128
342749802
346385245
346975546
350763082
352402116
361752189
364658872
365500374
366085693
366882815
376902208
388845772
401706317
405612631
408853067
412181086
413523411
416699331
417498991
428544006
428833662
443029673
443392626
454954454
456835269
461877948
466458760
469516434
470605814
475001816
481142971
491775226
493861575
500208560
504011563
506288939
508266817
509210467
513881611
516477142
516820660
522070189
522185703
526199358
528532221
529419588
530257805
530716691
532051582
537159483
546258677
552117930
554283507
555323828
571907063
574653128
577367524
577399472
589839285
598462977
601841888
611806228
612887890
613051959
617969503
619554206
621912843
623125124
625895685
630637476
634635592
635202499
638927478
640455685
644381960
644833541
646532239
646891741
662952622
667307282
668810423
669256948
672323077
677207566
680330149
704824147
711858853
711981617
714259954
715745481
720414105
721411270
728088044
728271702
731177537
737530131
743356999
746376876
747147343
754448898
758059903
761886159
762275767
764375638
765869829
774468214
774942960
777195084
784585327
785337757
785461672
790735602
793977108
794231746
798606992
799638056
802151842
810176736
820709172
821885135
838459946
842730630
848641857
854553034
862372127
872774870
873470798
875230326
886604393
887856086
890811259
892188622
892272431
895987428
903227682
907318877
910522558
914242453
920144770
926862095
927012372
935083506
937714038
939401358
942822020
951997892
954040354
956939099
967363106
967770472
974285307
976989827
977178553
983827399
984467830
988124455
988771728
993510923
994744953
1000711700
1019910284
1030319303
1034378413
1037084224
1037477828
1041649241
1052159519
1052322823
1054291039
1054445012
1057038772
1063618940
1066719513
1070635726
1076858184
1083261606
1088064282
1108963204
1115219029
1115522621
1122059671
1123810840
1124068506
1125676132
1135542078
1140098543
1143203999
1144835938
1155440581
1156331303
1160694232
1168801286
1170195800
1170368551
1170731504
1178571336
1183031894
1190257385
1191098887
1193074473
1196860485
1205151947
1210837233
1211449719
1213276222
1217782230
1218980077
1230159247
1236824539
1247311851
1247726801
1251095575
1251602870
1266326154
1269116309
1280997717
1284116909
1285301301
1287701609
1290324521
1293172501
1297778574
1306188759
1306429240
1313154600
1314414250
1324986997
1330187787
1331551004
1332913196
1332913203
1344149500
1345139773
1345711337
1352163585
1356713789
1365954342
1366218295
1373753834
1383957751
1386396215
1386422299
1395861096
1397690562
1402621055
1408061222
1414603038
1414753801
1421619778
1424258995
1431511569
1433181154
1438266254
1441478015
1447591670
1452376751
1457883852
1458961895
1459136643
1460507482
1473952119
1475806095
1487788370
1488394535
1500403551
1503566992
1508284428
1508433906
1521516840
1523950723
1525779365
1526630665
1530150589
1536486616
1540906787
1548305187
1550446172
1557414873
1561263637
1561943967
1564534295
1588056328
1599098905
1607889310
1619542713
1624170631
1634317260
1635939723
1636010076
1636153709
1641624395
1641631424
1643768651
