-495070031
-494356422
-489506321
-489030603
-485327014
-470252570
-468327691
-467160013
-446048258
-443093498
-439532809
-438022252
-419071640
-416362267
-414299578
-410064397
-404729938
-402584607
-400897638
-400543607
-390320188
-382123462
-381354366
-379243444
-376186754
-369348352
-361873817
-355770865
-355136768
-349310916
-344507162
-343031970
-341237331
-338233849
-337884129
-333094558
-331837903
-318004678
-306125262
-301573616
-296914788
-295903451
-295766133
-295662096
-291614232
-285176135
-281284163
-275776824
-263127135
-259628588
-259522227
-259043319
-253958920
-252157737
-246468628
-240394157
-237116135
-231918756
-228973666
-228523847
-226688565
-226629595
-219092161
-216238138
-213009628
-212382529
-208261224
-204245744
-202603783
-182034804
-176485642
-169800497
-169540482
-168767011
-161761291
-145701234
-144009391
-132714566
-121895822
-121858329
-112574280
-75808063
-65321983
-64345897
-60951314
-58883541
-51708564
-51293194
-50169783
-46949395
-44953765
-30298936
-24442935
-23989950
-22940906
-21545763
-18740667
-15849169
-13357743
-9573837
-7637237
-6121055
-6033188
1223409
2114062
5785674
6983259
12432834
13789208
16678669
23804238
25551903
33892571
36931666
39307814
42048155
42539014
45131919
45212063
48252527
48313450
48437537
52725150
56585467
57987454
58921877
79391546
80674589
82512905
85064266
91770081
104888036
105219953
108852129
113266589
115381715
116606285
117692191
118910167
123111781
125008296
131246687
131384599
141263347
159478951
159810865
162249973
169842954
188922873
191882959
202727241
237820039
238842941
239974431
242264926
244373783
246296989
246386059
247433194
247846753
249336620
249895680
250735862
255539259
258747530
259522149
262167172
262359495
262696028
277581175
279003253
284877933
286761681
288098575
296094790
317349340
324338464
324343846
330497618
340425629
346076973
349061430
350577577
353334005
354037210
354519490
365367149
371837733
378459647
379718418
380103628
394675436
398269613
407315076
410146984
411211168
412143917
412286220
416168155
421881557
425277874
426630134
426909627
432686300
437697478
438061445
438828104
444411965
446739677
458160788
463268779
470957102
477485251
482290695
484441554
484621133
487376819
487490457
491333957
491857006
498884888
500068698
503790764
504994831
507039037
508484956
510955913
513235085
526565593
527021542
527424184
528995195
529411890
529552533
530898478
535728687
539949179
540333888
542982516
546623860
546864860
549213455
549354567
551303286
556707079
562338979
563673151
566972580
567400997
571354711
572006198
572738427
583504275
587206421
599326785
605198110
608223198
611272931
615351688
616778394
618549760
622173788
632076427
633626110
633711522
634363460
639136604
645719561
649730250
664364036
666546556
672117713
673098339
675127614
677970178
686046631
690575670
704363867
707887313
715429748
715737346
722171391
722728076
730400594
731016623
734134936
735179089
742720768
749870414
757818135
765175635
773240240
773374994
774971385
777688044
781177503
781542088
781847497
782551769
784381703
795525951
799145549
800023229
804415835
818297816
825763851
835199218
836108527
839751094
844681063
846122472
852976434
853225912
858627149
862645441
864718335
870232649
874449426
879571479
891465907
891999209
900559498
905177468
915232485
915699454
917004319
925406639
929736019
942030655
942745638
944343189
944353015
948749264
955324310
957275837
960724624
961699559
965011370
972571462
975840020
979684357
981198748
982025949
983401997
998189547
1003467943
1005933253
1013219562
1013317405
1017866898
1021436753
1022175827
1029073957
1041755650
1045320489
1045493343
1055015814
1055129733
1061611680
1065069830
1066675077
1066943619
1068569653
1071551377
1078938305
1086286233
1087640700
1088092071
1092842504
1095198377
1097003997
1099340755
1104454235
1106289773
1112442422
1117538457
1121260856
1123103693
1125778861
1126306400
1130915180
1136571303
1139731643
1144828678
1145830851
1152191652
1161639052
1168614302
1169129355
1176526395
1177365996
1180389878
1183175938
1189004604
1190000543
1192619885
1197038495
1221372664
1231960661
1233132839
1238781156
1241175375
1244266209
1246736287
1247017287
1249807866
1255045160
1259272773
1259994001
1261872132
1272642337
1275580294
1281799238
1289074682
1292920849
1297745971
1307840197
1308623708
1314639225
1316676289
1317852636
1322786704
1327376971
1329692924
1329998522
1331110978
1332248370
1334435242
1350002037
1353339042
1355144498
1356416100
1358228073
1358541749
1359514321
1364071294
1369226716
1369926710
1378156682
1381328713
1382709537
1382711167
1383401701
1385064566
1388573191
1389342100
1391784685
1393266596
1404653870
1417307433
1420176757
1433437603
1438635352
1438871128
1449624196
1459681850
1468606521
1477063429
1477988610
1483337213
1488272854
1490887047
1494011521
1494987956
1495416572
1496638286
1507550385
1513815150
1520263048
1524830797
1526579822
1539788742
1542672721
1542685127
1543051214
1556016738
1562763851
1563078961
1572539626
1575178405
1577152058
1578607275
1581042973
1585504679
1587184288
1595240339
1597879283
1598403305
1602275019
1609704489
1615233031
1616019425
1616327147
1623309484
1627254477
1627734307
1629285946
1636052337
1637297512
1639407195
