-495115947
-482116131
-478380781
-472419297
-470989225
-468013524
-467648897
-452471862
-448056231
-443420351
-438604497
-432977721
-432180276
-431435284
-430337863
-427085509
-424736760
-423938076
-423067924
-422344622
-420430440
-419852707
-419051655
-418367571
-417859876
-415559800
-408515845
-408182306
-407198921
-401340791
-400582577
-396592253
-391749746
-390888880
-390329954
-389835352
-389035601
-383873111
-380601603
-375916153
-374847818
-374513681
-371710386
-360348592
-357147491
-355018446
-351511319
-348677651
-344664575
-341154424
-337019104
-330949180
-329385376
-311101355
-306236629
-305332726
-302571343
-297933044
-285934430
-280102605
-265433184
-265145058
-261627295
-261167539
-259040569
-257508073
-256070191
-253983629
-243743426
-239627524
-237288716
-236558590
-229938083
-228295548
-226854964
-222362630
-220131429
-216822635
-205493218
-195207630
-194113321
-191588941
-190376153
-186309444
-179595897
-172886189
-172838252
-167358976
-164434533
-158659122
-157197883
-157169647
-153113658
-135403529
-129197418
-128990949
-127154273
-123419874
-109669745
-108540573
-104036530
-103242565
-102809229
-88506828
-86216881
-77198324
-76940732
-76747536
-74008026
-50340009
-47969649
-47564988
-47209835
-36723682
-22857146
-11614099
-7398604
-6874399
-3317931
6191535
8889615
9815844
12998586
15559631
15784137
24542468
29849065
36761805
59623676
61583054
74229532
79527540
83202274
83430706
86441824
89885052
99226472
106352115
110381661
113203430
113621467
119675403
126257215
127646073
135293080
139980835
141545301
144738586
146475271
147457439
151131545
151250430
160591429
168119707
173003760
180852001
183723387
185195723
189197586
195029219
200099955
200251595
216564669
217302666
218616116
222605134
223660395
225095309
225641689
226880519
231053912
239867931
246938633
248034084
250185838
251266410
251954494
253151054
258303104
258870342
264380409
264599314
267707369
275134510
277535114
277970294
284792170
287131134
290424858
291089645
304322627
307456642
313555678
316295240
318109358
328527324
334802337
336850812
347669294
354530345
357568285
361349958
362237808
369584235
375352776
375759119
385785368
386256344
388416871
389964006
390151936
394357851
404521238
407339252
423095061
430317048
436380690
439998119
442214286
445560613
450309151
458079008
461833325
465688959
468219149
469543619
471900334
472576190
473091116
475962877
477138260
477847898
486790856
489198090
497135565
500750440
500911110
501751284
515418862
515805878
520981889
521509420
527609417
531391085
535991215
545164646
556220369
558156556
561250748
561439099
563722932
565645050
581603703
582890564
585084008
587259299
589282269
592633360
597513621
608905706
613803454
619784361
620279569
622104367
622621884
625495901
626627311
628054390
635753738
636618466
640359559
642885482
644664548
644940184
645593267
646009905
648894153
659822640
661137844
667312499
667538073
678931766
679864277
683609189
695878179
704244491
711692123
714392262
716963099
721376152
723665284
730603645
732219452
736419985
737681287
737963995
741289308
747821949
747897416
749350256
753785515
753982618
755095368
759878274
763427118
770737053
772098389
774030164
774368348
776950646
777407456
781532005
783267000
789180081
795549701
799474048
800582243
803392661
806528711
820211233
825514126
830048492
831759914
834718859
838624785
841568044
856525701
858020305
858699985
862795843
864215345
864368636
866861354
867294790
870042923
870608681
871891934
875021071
875535973
876606226
879848766
891298508
893534345
902394026
906136133
909257763
930183357
930518630
941675288
962055960
966373558
983697659
985482816
986975396
988446727
999327462
1000268381
1002425255
1014666862
1016522092
1019812656
1024830320
1026293752
1027546208
1031755837
1036885515
1037367203
1040610696
1042444649
1042698514
1052597271
1057642754
1060080942
1060548499
1061400576
1063037320
1069688345
1075339747
1081567478
1083945256
1086804149
1087736392
1088175651
1093212935
1096372961
1096503621
1104057657
1115844045
1118365509
1122414540
1125586253
1125676877
1134182669
1134544007
1135049699
1142186942
1149336752
1153747604
1161687573
1166753875
1166878638
1171036143
1171167080
1174082568
1176073182
1176536923
1180439128
1183120088
1193089976
1208156001
1210561456
1213695995
1220377089
1226213734
1238045374
1246623578
1249940468
1253107760
1253759576
1256787212
1262651235
1266270789
1266799426
1266883647
1268771125
1268956932
1270330298
1313113418
1320819684
1322166058
1328313169
1335388779
1340166897
1343904657
1344034365
1351301382
1353585411
1364072160
1369177672
1378039984
1379222665
1379285455
1380293376
1380897883
1381068170
1383709144
1387099571
1389604812
1392035829
1394372687
1396918466
1398429150
1410609220
1413779762
1422884872
1424181659
1424251606
1428877845
1430308239
1433414663
1435652914
1449601851
1450174144
1451771341
1452576530
1463059304
1463723706
1466652922
1468507230
1471586084
1481180037
1491156334
1494073005
1507155813
1512438971
1516069300
1517187602
1517779848
1520325443
1524052883
1526284044
1529902733
1540614457
1544558711
1547348783
1550405522
1551423222
1558870710
1562813827
1569670102
1584662667
1587327795
1589555551
1592630773
1616981556
1624056792
1635467698
1638320591
1640636904
1642185639
