-498766444
-496448613
-493382017
-493318352
-488678960
-482963830
-480422102
-479166133
-472873587
-465067404
-459807988
-447189199
-429690458
-426164847
-421099287
-417505083
-408481601
-403120735
-398602457
-389230668
-378656916
-378193779
-372097541
-363320172
-363192092
-362985002
-360626705
-358981740
-358709196
-357729675
-355076853
-350679621
-349669355
-349300100
-348422018
-346595286
-345913796
-344494789
-343166215
-326580707
-315261730
-308323349
-302575708
-298618101
-296925897
-291507494
-286261940
-285837012
-284721209
-268678855
-263603767
-255137383
-255090500
-254520620
-247838971
-235545005
-233914738
-230806737
-227567263
-222990824
-217572077
-216123184
-211444084
-209048723
-204468240
-197850257
-188856855
-188672940
-180041220
-178581902
-172979044
-163692139
-157971744
-157580309
-157326906
-148753952
-146655969
-138389890
-136565726
-130850987
-125433831
-121230546
-103457294
-99306673
-98726598
-97709663
-95755286
-90164471
-70140056
-69644157
-69046155
-54016364
-52892837
-48787333
-22862340
-21335268
-14498318
-8146170
-6996261
-4179297
-2868437
-148674
5577989
14254321
15838984
16231355
24625669
30219416
35832222
40695540
47654000
49208567
56483103
60509889
64937672
65513707
67326720
71646719
72223116
88564521
89822662
103232610
118763616
120161060
128661738
135829094
141796658
145890029
147152955
147831464
160089143
160355077
160889088
160993230
166645590
170641527
181353585
183275997
188958657
189879876
204882678
208147585
211596411
213073797
216778306
220652107
229533112
230900971
234425473
236246039
240671154
245330706
249687097
257079907
259594379
262681541
268400947
269647409
270317109
272258083
274346821
279043527
280157723
289895007
290909354
291286720
297608050
300027059
310261991
317882984
330081923
336131502
343101324
346765779
347159282
351414032
351985402
359388718
365569236
367214319
367275864
368573613
374093137
381111094
385563139
385950564
387754209
396168603
399049480
407042420
410586057
410645540
410659858
411019927
411089661
412098043
432200158
437416439
445039414
446484795
455532271
463247659
468112291
469617057
471498222
471649385
474269224
480728871
497491735
502547689
503451107
509065282
509324303
517721034
530507472
533588453
539660641
542969491
543064148
554944669
557859718
560976185
561285958
594004845
611311885
613135941
617612880
620658418
624794191
624896821
630172111
634487890
635758546
637564860
637766877
637821247
639871307
641710732
647772807
651209592
652209204
655999161
660683741
665134742
671600998
672062372
677414099
681287877
683734462
687595233
698569360
701393422
701811701
711059829
713028788
717606111
718192473
725930902
726673520
730024327
730671443
731367155
732521532
743608828
744446048
754626941
764225840
767133976
767424138
770452168
771597778
773879356
773901915
778582102
795020645
797698739
808928797
812585701
816054947
817276637
823810552
826206842
833480470
844714559
847498823
855193435
861083759
867393429
869622689
875289331
884180838
886291271
887430712
889684659
890890816
890906689
892287203
906466243
907224822
909841327
912620409
913121941
913141312
920711732
922390193
937525776
966643235
967343626
967815322
971763626
978381609
981243820
983460493
983516143
990897332
1006619790
1006683557
1009256527
1010640950
1012368638
1017862933
1019923071
1023617663
1024904266
1028322864
1031515917
1047529369
1053979924
1060220729
1063005442
1063461609
1063685941
1065955410
1072003985
1074800890
1076932626
1078819968
1079216221
1085839505
1086191723
1087473146
1088122949
1089829283
1092593160
1094184892
1099618516
1099647544
1103937362
1107373883
1116770012
1122100688
1123608349
1124074333
1125851315
1126923502
1127198092
1133411187
1135422209
1138869958
1145449296
1154498994
1155628372
1155900344
1171078449
1171307563
1172871181
1173096915
1176259876
1176646441
1178904805
1179232826
1179641348
1180466382
1180769997
1188417632
1190225845
1192120911
1193330984
1203412595
1209117422
1209735794
1216705615
1219466130
1220041614
1226102609
1229653997
1230847543
1239824806
1241171584
1243906909
1250333555
1250556571
1251166370
1254166027
1255919606
1256108663
1259052072
1259385448
1263731410
1264785688
1267249598
1267912150
1274494459
1278913410
1280531352
1283263123
1286655868
1287183409
1295538034
1299656980
1304900753
1310514965
1318588849
1323854624
1325541096
1326418206
1327643865
1329477896
1343798628
1345591360
1349832227
1354396894
1360998146
1361078543
1363687944
1364765693
1364964762
1367293976
1372051253
1373938704
1381225008
1390147028
1390422864
1393008764
1398012745
1401197662
1401623570
1406358701
1407126662
1409732454
1411029223
1411213257
1412113698
1415181705
1422526313
1425744456
1437760406
1438057741
1443913816
1449761723
1461734538
1464258018
1467666648
1475546887
1475758927
1480691360
1491022529
1493119007
1495839872
1497447975
1503645831
1513801552
1524540735
1526598765
1530046548
1530478874
1531678345
1535412664
1536987926
1543467988
1545257739
1549187623
1550995832
1553256856
1554490412
1561112236
1569174754
1572019720
1572276107
1577063982
1583782839
1586406404
1586854189
1589509652
1593229666
1599797396
1603790349
1607171644
1613239572
1617662732
1617817212
1620048699
1626004367
1628232714
1630485775
1631024333
1633898711
1637970821
1645690916
1646136870
