-497335828
-492544150
-491483396
-489630609
-487897303
-484263009
-483921574
-481191746
-471229883
-470106993
-456108840
-435474700
-431789360
-431410388
-421250759
-417628918
-412959284
-410987372
-409112314
-402307809
-401041077
-395924833
-394425539
-391458373
-389000311
-388878621
-386658545
-376143736
-370521116
-364979818
-350011008
-345964847
-345677564
-337173023
-336797390
-336122040
-325548393
-316444402
-314339284
-309896098
-306909345
-301589072
-296106332
-286717531
-284369684
-282493375
-278638970
-277465360
-277010760
-273965485
-269820983
-261847757
-258828565
-246240333
-242709524
-242208634
-224191338
-213811937
-213686502
-200657128
-200392485
-198317473
-197258147
-195566269
-195184895
-193647233
-187022823
-181799604
-177494760
-173352193
-166605207
-164122838
-162733584
-155435383
-154847599
-154174178
-150170240
-150076663
-143459185
-142112442
-139224140
-137327131
-136043625
-135789992
-128867179
-123145714
-119927553
-115204438
-104683536
-98221281
-97315958
-91394664
-81827242
-78044710
-77515347
-69813084
-66752788
-64341879
-62936725
-61250243
-54248872
-53057125
-51907900
-47480010
-44207172
-41064420
-36085019
-35770052
-29087825
-26269345
-20326618
-585244
7608543
9601701
15940090
20980164
22307272
23186701
25338692
25377387
33556092
38728475
44305454
51541549
65584440
66337499
69649326
74901462
78278374
80422199
81785838
96291138
98146542
102967253
108081097
112895067
115558640
127395206
131637066
137503484
142076738
143830323
145001677
149933792
150368361
155074337
155773537
156089822
159020276
161515852
171821093
172673525
172815348
177252843
180333694
191400494
196627265
203461246
203794520
214109307
218808263
219216808
221520425
223101750
224429372
232851936
234358633
236718026
238594251
257344978
262419666
267113523
267637054
277811830
280491036
286707833
287367354
288250444
289348162
290079874
310550209
311690885
313409486
317260361
317892616
318681944
323579582
325987747
326320095
359138183
362740647
373513751
380944981
384684613
388303841
400347851
407400984
408722770
414455110
415461710
422658717
427111748
439214445
441466971
445636391
445892271
447217015
451192653
457479071
462799749
465151359
471927769
475991724
477316469
478875260
481138321
481416908
482200918
486686461
488072035
493506285
493517225
496548869
497753261
497816071
501628172
506530079
506854787
506865514
508148675
508491352
511476151
513450037
519002259
519250808
526335530
533829228
538626088
547348777
549650119
554323094
554621031
555199639
559944813
566961835
567360762
571341376
576267937
583600272
586930670
587113103
589218148
593111700
593468213
596863707
601197923
603627430
608473470
611694319
615025402
616248990
616308952
621215817
623325975
632397548
633718096
636580706
637998291
639294886
649688091
650899012
654616289
655814414
662493967
662526505
666123681
670761540
673801176
679429636
681242845
686730666
690276470
702591535
703869454
711649477
714651003
729080353
732458961
732900029
736031324
736946872
746142849
749628394
751721527
754941307
766774044
769228964
777317186
781913369
782925077
784300014
790824338
795249918
795494529
798151631
798676912
799338717
806794567
812387146
817289389
817422721
825488203
831189727
841276054
850623374
850957627
852638492
858072012
862710384
868441403
871064320
876276594
877206254
879406150
879605560
885591416
886628015
910338406
916142757
924626388
934029830
936012033
940468723
955045991
959930075
964418460
972935064
974753060
975178850
978234907
980700494
985690757
985772426
985838666
996972025
1000790714
1005711593
1016464582
1018142894
1018214613
1023994254
1026058590
1033815427
1051130878
1053137406
1055442107
1055583301
1063822751
1066542323
1067212613
1067545392
1069947608
1070209564
1070942072
1071908486
1079340423
1079537642
1086751366
1090693106
1090812239
1093612170
1095856209
1096276343
1100948456
1101663417
1105350035
1111912093
1114091864
1120140801
1120191493
1130748674
1131785269
1147104279
1147586035
1147930036
1148591562
1148823069
1148942252
1153315680
1154962007
1160376832
1168405729
1169881734
1170647740
1171390075
1179260666
1185662164
1191824152
1194065829
1197627830
1210373137
1219184738
1223843001
1229235911
1231417238
1236252766
1237686219
1241244017
1246021525
1255421365
1256646226
1258277416
1268728756
1269130385
1273082217
1278631013
1280411030
1281328125
1281774261
1285960505
1288975461
1292060528
1296693027
1299713879
1304875752
1307929701
1309957663
1321751833
1322037642
1339350741
1349859375
1364036239
1370567988
1371703933
1377671595
1380176046
1381702512
1386277133
1393109286
1394395019
1401997495
1407202639
1408554593
1408792549
1413038435
1414337823
1417357931
1422505523
1427725029
1436597105
1437938535
1440282941
1443895198
1444615475
1447502939
1449008724
1468701561
1480185190
1481907527
1484439722
1488068804
1491787676
1492729682
1494542232
1495954196
1499135461
1499298442
1500091752
1503632499
1522834107
1532510264
1532907826
1533005374
1533231964
1535432343
1545648291
1546438024
1547967647
1552176165
1562934620
1565131013
1570405249
1579635657
1580184908
1595376564
1598667493
1604447885
1604849758
1617384194
1619504120
1624397533
1625538804
1626093972
1626644461
1629409253
1631882834
1631919953
1634454274
1634802126
1640466625
