-486239523
-468172233
-463934725
-449862517
-447150799
-445346023
-444107514
-443937895
-440866456
-440779430
-438363255
-426929602
-422078699
-419915927
-418937251
-402766638
-402140255
-398947079
-396235601
-390864327
-386696340
-384906900
-380424032
-374342525
-370040399
-367679452
-367181795
-364329463
-364310346
-361845548
-359955551
-357774871
-341473157
-337731843
-331653541
-327047597
-326818459
-326006077
-322409718
-321795611
-317390102
-313091862
-312132090
-309818068
-308254705
-304588311
-294566636
-294561709
-294344219
-288865761
-288135610
-285421190
-277992975
-276537496
-275118886
-274909862
-270714732
-268985226
-265267261
-264540900
-263612199
-260139457
-253039423
-249281169
-243259976
-229791682
-225848214
-225439355
-214372883
-197724871
-196476005
-195296595
-194955429
-173952388
-173824003
-167226941
-164151360
-162234499
-156686902
-154856625
-151401361
-150544271
-147339879
-140883074
-128213100
-122511221
-118437829
-113769752
-109753356
-102586978
-95902702
-85552619
-82492987
-80204820
-79591493
-73022685
-69463105
-62035217
-57092896
-50661793
-27746417
-25567658
-24392332
-18443968
-4274494
-1854354
1156306
3644409
6743789
7139204
9809328
11005895
11070689
13969803
15153405
22487404
23655627
28396640
30231228
33235093
58491890
61863538
72478041
79507503
82406699
83674895
103568831
112957975
116236492
122941034
123293671
124402974
141988085
142003878
142832152
149364334
156351636
160765403
162775865
166287926
175150229
176896855
183274602
198778155
199562496
205582353
205884929
206360777
213512714
214527259
218099138
219408094
223163331
223638217
229296513
231299951
238153978
241314280
241924082
244209227
255192278
258259176
260313736
280679582
284259160
286324110
288086920
288110663
290228127
299266619
299400810
304349416
306465268
306884068
309784096
315992989
317404672
319417898
322660461
325920764
334265572
335158061
336420938
337716948
342546208
344988156
347778623
356245199
356427892
368567339
375201564
379398910
381982869
382857589
383369330
385426490
392971750
397959820
399422632
400181517
403531787
410536079
417505428
422719975
422731303
422958755
424303609
426106506
439178416
440315092
442895911
442980252
445220900
449174214
453468439
465618096
465800701
479139883
480203575
485912787
487544444
488566858
492105692
496317382
498311960
506857645
517535788
519479266
520769384
521648903
523720679
529927772
530319742
535788611
546759670
550859223
553887233
555887156
556744674
558434097
561061979
562262449
563212820
569765727
575822415
578669906
579221830
597952596
600015462
604596952
608198754
610690461
611049597
611410482
611450034
614485541
624512770
626273268
629250044
633541225
637298785
637666726
641872317
643551670
644567055
646070203
648306525
655585247
663337668
668109159
668224259
675376493
676435039
676837636
682753657
682912999
683896868
684748276
685659701
694893451
704596844
705648146
705941834
706286810
707677522
713773216
716622069
721626687
724923618
726077591
726243934
731106557
734532148
735137619
740178741
740639467
744390402
747568289
748580822
749006368
751582358
756383960
757891621
758892582
759250821
761163303
764778033
764868716
785089856
785501755
794867516
798611814
801989890
802701117
806271076
809086835
819368077
821828873
825757742
832707537
837178684
840961821
844281216
845831974
864132237
864292845
865626302
868887374
873517147
882837098
884525171
887286320
887518312
898313560
899196337
901255671
903667873
907875045
928857559
930349678
932074123
937626032
938552083
946072831
953121317
956197836
975791576
976269450
979549128
979826663
986622314
987074882
993143456
999328347
1001977975
1004072899
1011856851
1016634689
1017624061
1019698131
1020764736
1021169432
1022956857
1025745336
1028681717
1031143753
1031992554
1033344553
1034525213
1043052014
1043216584
1049292991
1059653541
1065074164
1065826860
1066360555
1074208074
1076374637
1082177427
1089095236
1094342280
1101403881
1106833374
1116514869
1120992524
1139712646
1140687052
1157296367
1164185582
1164441299
1164985707
1168959279
1177918487
1183085845
1183912677
1185746743
1186634414
1189977674
1190475393
1190693464
1192863101
1204702779
1209315328
1215101348
1215658425
1218663022
1218740855
1225131496
1225589129
1226161187
1228572311
1232742852
1233659013
1234566766
1236680520
1237437075
1242727725
1254905172
1256495232
1267949981
1270498598
1288873040
1309086317
1314617348
1321338094
1328147768
1329935412
1332158198
1341723330
1342133534
1346521017
1355131258
1359771896
1363768422
1363916812
1367372709
1373107613
1380471638
1391844563
1392284136
1393305737
1394637619
1395463724
1401609632
1401913787
1408198220
1410998161
1415114236
1415799450
1425283562
1425404308
1430501259
1435495798
1438090588
1441110138
1448026123
1448240527
1449379408
1450193285
1459052753
1462604885
1462675295
1462847194
1470372897
1471861556
1472418881
1487597665
1494845884
1495206745
1496048535
1502477583
1512287537
1527569887
1528091955
1530138200
1531286403
1537073012
1539687612
1541128169
1543416395
1544037603
1546860993
1547695085
1549678619
1557359363
1563297950
1566121326
1587689238
1597020655
1599368400
1602558880
1604198490
1614598437
1617527977
1622053552
1623826444
1630205246
1630827706
1634386647
1641598197
