-496027460
-495918060
-495812731
-493512363
-492055068
-485065672
-482588118
-477193511
-475710287
-475358431
-473963055
-473281796
-472401607
-469167923
-467850222
-465783261
-465502403
-457649734
-453613370
-446004909
-443457382
-442536925
-439707496
-439143581
-437663775
-435397970
-434757727
-411378532
-405322933
-404619264
-401729483
-397366037
-396257050
-392541609
-385994307
-385797096
-383508456
-380546455
-374087695
-372414866
-370159382
-359159987
-352510953
-345655420
-345211679
-344566021
-342769091
-332764530
-324455254
-323888304
-323773319
-320570110
-316631540
-305272607
-304188770
-295980685
-294899457
-284943417
-282049808
-280298144
-279863177
-277797665
-273434949
-271587605
-263991377
-263301719
-261054178
-259004702
-256177507
-252517065
-250294163
-246582479
-246338610
-241198317
-239218228
-233096829
-222670173
-221981280
-220809398
-214199766
-213891839
-207002089
-204030520
-198960091
-198461336
-196167829
-195253230
-189754457
-175956043
-170862943
-165305480
-163334204
-161639405
-154378264
-151289435
-148491638
-145880772
-142101648
-132620588
-120428730
-111530996
-97116659
-94285603
-86233958
-82746515
-78896142
-75191925
-67093868
-66103368
-65992482
-65835791
-58831490
-51885749
-51412363
-51102309
-46631044
-32815209
-26201787
-20336929
-19760943
-16737939
-16477400
2468165
2624176
4468327
5848993
6811446
6942341
7881036
9741054
10837867
33776589
35778000
37339447
44818431
45665368
64377770
65134894
67359684
67571860
68393796
69046683
74059497
76248635
78051255
78768323
79084993
79344667
84488956
84523327
84671813
85212247
86488639
100621946
101258291
104018108
104544017
108731286
117064703
117975084
119446365
119709845
127329411
127623109
131488398
132297102
134782858
139739091
143821032
147160401
152646820
156061029
158174787
163370845
163946390
171094884
182073873
183992733
188777949
190211680
191309106
195281646
200009949
204694087
207385712
220123538
221087823
221286010
222418520
222441214
222517848
230257072
239033556
242380193
245243488
245712158
251989155
253212170
254889414
265771233
267820249
271379000
274579553
286908802
287766131
288478123
299336349
303554565
304210859
307128014
317736868
320461016
321197732
321542432
326668133
332461141
335296967
341602461
344179240
348745356
354824254
366476504
370849028
372137184
375278640
381633863
383738058
391808979
395876606
397567232
398476753
414141335
414390428
415299042
415681216
416219499
419402309
421720906
427310246
435374297
438755188
442439339
448351597
450700644
459470496
462301760
467414985
471387525
472971927
473140817
475130342
478428641
489090950
491282939
491688999
493153820
495715730
496951380
512058773
514708784
515386284
523041985
533997237
538198847
544186288
547026067
547250822
547690785
557416906
558955669
561344491
562357290
573117447
575018366
578924042
581497348
585139523
585277806
585443638
588443261
591655573
592112365
592718723
597378363
600529357
615542732
616764843
622887362
624543597
625856120
638762539
642326265
645570311
651894275
659571025
668921787
680085771
685110902
685211901
686248290
694471911
697761100
698550974
712841663
714100736
719863529
725092474
726909541
730309671
735681894
737065760
744096984
747343519
748732818
774441652
782068815
786556210
788727223
789328273
790650615
796273897
799197039
801634171
817902268
818080056
819855732
823606479
825685404
827686821
828120956
828999345
833479579
841145961
849726265
850184692
852951898
854738316
856068307
861833184
863543197
867662449
872770358
873068835
874551422
876053302
876387879
877859184
878578878
879803200
894577775
916237552
921001218
924192717
929245236
934389937
939516859
947466937
949202313
951387474
963916423
975423721
976055251
980192729
986913209
987261591
987756167
1000489229
1006381664
1007415601
1009803162
1027925460
1028196040
1034092876
1041556672
1053910891
1068109023
1083348699
1084428899
1100595036
1106990322
1115050470
1121947727
1123668254
1125722261
1129829704
1134109592
1154640605
1158668874
1159648954
1162207203
1166669172
1168101217
1169744526
1174621081
1175879333
1176483390
1176706215
1177447094
1194858976
1199249728
1202831596
1208255471
1225280198
1226290514
1231846098
1242982043
1244113883
1255181116
1258869064
1259460395
1259973646
1263126048
1263950211
1266103812
1266362180
1269655676
1269743002
1272857501
1273131745
1275065763
1275432384
1275655318
1277479640
1277653074
1289964939
1296937326
1298490020
1300687913
1309615802
1309848853
1313143667
1315622241
1321457493
1325814465
1333221774
1334480061
1336351569
1336899061
1338374019
1352865332
1357037729
1361539356
1363542711
1367682178
1369048839
1377832873
1379809556
1387832424
1399129212
1401589222
1404012145
1404523818
1405936686
1406517763
1406937767
1407848424
1409373320
1416541094
1418560027
1419728010
1424402325
1426500875
1433395361
1439593952
1440642011
1448286952
1449328061
1453295096
1456642247
1462231767
1466836395
1466924662
1481746433
1488949971
1500887383
1504586664
1532310219
1533639274
1534974688
1539768380
1560980495
1561269499
1562235925
1565819605
1569935983
1570292808
1580842088
1582474478
1605818334
1606902794
1609437136
1609797542
1613287420
1623993584
1626190206
1632243972
1640322655
1642089041
1645048095
1646171124
