-496389068
-491427246
-485194069
-482751060
-472023341
-467747068
-462378286
-457521463
-453930003
-452818207
-452468492
-447621878
-444348703
-441542431
-439163499
-433318966
-422399243
-414557965
-410989184
-407491133
-406505611
-402040239
-400915325
-396891859
-381036433
-380682997
-377255554
-374725606
-372051540
-369042023
-368442715
-367160005
-356152970
-355605194
-349002550
-348996306
-338506785
-335989217
-333585511
-332162604
-326090457
-325606941
-324992507
-321183286
-318901775
-316755299
-314757520
-306757664
-305891933
-305523976
-304273364
-292432326
-289744171
-288861101
-286559524
-285464204
-284917016
-281943609
-273716610
-272885622
-271395549
-271370267
-267775426
-267561563
-266055446
-265564723
-260681557
-259630069
-259352694
-258486472
-257113522
-256817929
-249407338
-248245175
-247357659
-244066413
-243599701
-243231164
-243096234
-240632690
-240167327
-239864581
-233694562
-227382892
-222927293
-220727943
-216375197
-204473086
-203819931
-201528491
-194767000
-189434742
-186880188
-183485434
-174851850
-173618162
-171368901
-170935504
-165748115
-165500144
-157145285
-141155261
-140351095
-134804813
-129432904
-128298217
-128235116
-128192229
-125947664
-124976260
-123431200
-121714789
-120547578
-120541509
-112281640
-107489022
-100287277
-96501835
-94688143
-92273707
-91356137
-91077211
-79386007
-76848659
-66257784
-49719035
-44595727
-36786231
-36001303
-35206538
-34398167
-32321005
-26949509
-22190370
-14848961
-6700302
-5395044
-1501960
1592666
2121845
8846449
12845455
13992119
14096829
21691277
22974659
24258712
24445371
40302502
41176888
43661726
44242461
53951831
58425843
61009460
73279608
74105782
82133343
104808331
112226445
114699643
118127085
122651409
124337112
127948044
128962031
131391951
135611315
152307073
157095895
161054331
165030637
166066380
166727347
172804793
182632062
193826286
200637325
202114272
203116833
209779147
214771583
230609623
230619865
233942956
240758323
251481932
260846223
267716484
268047293
273444833
291125089
291216525
293513990
302753326
315045476
321334426
325514176
332690811
339486767
343594648
348211870
351969827
352149642
352554090
357268121
358568325
358805984
361476695
367847345
373641024
374648506
379566433
386511380
388015460
394185033
413498391
414307154
416914554
417911446
418477456
422527672
423246249
426104607
426885603
438177298
445644032
453139345
453178406
453658959
456785692
458605027
462558215
462936546
466263280
472569156
476369015
477146706
477344717
503381663
509678472
513463042
514784744
533105161
534543698
536870834
541197385
547872532
567093279
568756573
571732524
577689740
577889298
587662584
588942161
589187430
597639309
599312970
600854211
603748092
611517854
612500168
619177881
628629118
635225995
637848992
641665067
642865746
649999504
661053621
661372316
665825651
667345654
670341849
671380431
679429817
698029445
702099231
705007593
708348505
710602530
722761749
727703883
729922580
730314043
732058931
733324627
733870641
736294331
739761906
742880168
743458146
744482226
754219413
768614275
771496281
782564806
783566638
788210297
791285548
797458331
806493749
811456646
814024013
815066503
816211128
816552787
817816476
818572350
821911583
822019753
823276847
825243385
834289597
837727192
855347978
862126378
863886473
869043554
876043061
877678852
884868091
887401175
899570228
903187891
903414417
904158378
923194047
926463622
927769243
928779579
938399376
940835333
943052472
955370606
959364367
972973166
974601256
975230690
976998343
977400436
981111673
990436812
1002118139
1004967108
1006219942
1008597231
1017079794
1018306722
1018322452
1030953234
1035460229
1037133871
1039159663
1040812641
1041601039
1042483202
1048688883
1049399844
1051542017
1054702499
1065201825
1066821329
1067676350
1070859022
1071835100
1075162991
1082257597
1082304313
1084522045
1086931938
1090608208
1095483186
1097970373
1101396085
1103284259
1114350996
1116287985
1116763876
1117667386
1120383092
1121345730
1124786509
1138139716
1139241473
1143581116
1149472921
1162023298
1167949711
1168691156
1171745091
1172974164
1181622699
1186013725
1188142480
1188994032
1192446449
1192556167
1193778276
1196245731
1198187598
1228031207
1231333016
1241114191
1247205649
1249525393
1254891281
1258205040
1266585659
1266625001
1269392729
1277379069
1293275646
1295172604
1299386969
1305652170
1308366202
1312143410
1314804644
1315019511
1315562734
1316615708
1316956650
1318058187
1319815207
1327271751
1328398469
1331255514
1332850260
1340263627
1342369283
1347550726
1349851193
1352770992
1353909257
1357968223
1358945740
1359083776
1360871202
1361674912
1366769450
1371521238
1376387181
1380656434
1382788742
1387445421
1390130224
1395079503
1405412601
1421878241
1422529121
1427317021
1427451950
1430243830
1434075089
1434878150
1441222395
1443781775
1448401606
1449129451
1451669375
1452594394
1472595928
1474133758
1480390721
1484800044
1496206583
1502059187
1510906257
1515577834
1519621946
1523085906
1523914172
1525864452
1527664246
1528350134
1532591327
1532855943
1533312656
1542121133
1544990355
1550249804
1552591415
1555934151
1566557554
1570347076
1570934371
1579499550
1579531077
1580231637
1583954856
1623734382
1623925383
1630512841
1631249096
1631770872
1636760038
1643179679
1643725690
1646200266
