-499727733
-487136234
-485936938
-478393644
-458570199
-451918959
-450862564
-449424937
-441258985
-438524886
-436628579
-433943013
-433892243
-427221404
-426956773
-424686840
-423443757
-423354238
-418264875
-416283610
-413548458
-411619392
-410359250
-410196487
-397301112
-396366189
-387375146
-384882459
-376689369
-368797323
-368215758
-367426734
-356174210
-351522408
-335863446
-333328974
-325311906
-309602009
-305640021
-293484163
-292006482
-289047913
-285447732
-283971704
-276691754
-275888231
-262416571
-260874128
-258571745
-252004651
-251580956
-249213640
-242456003
-232256542
-231401093
-230772552
-217220614
-215644048
-208835896
-202992739
-202430220
-198287858
-196384498
-195519914
-194736757
-187419831
-185810604
-181486115
-167401131
-161006874
-154607123
-153825826
-153022732
-152981858
-152811767
-151153838
-149426367
-134096099
-133504224
-132148493
-129093340
-128629000
-125698602
-125046073
-124979045
-123185191
-121884904
-117450043
-114656826
-114152505
-111123169
-109846950
-104786264
-102003660
-100968289
-99128977
-87347484
-85743371
-73238473
-72759872
-72425415
-71332895
-68788303
-63170443
-62497614
-62425297
-60709514
-60484417
-46777810
-43826298
-40295758
-39452590
-39144475
-37753790
-34345195
-28690855
-28205284
-26950661
-21953289
3426866
10314683
15146222
18475051
19572366
29214945
40672475
42347435
45839767
63338053
64101444
65385717
68078591
76245486
79270019
89714786
91389225
93387662
104069470
113461296
126385313
128680495
135515175
137594307
143382209
148447764
148969266
157258062
168455507
170269905
176662454
181185764
184262099
187848099
188120366
195206560
195627551
196458320
200450376
201319451
209018461
210472696
211896050
213717699
216510225
224997102
227895322
229679855
237131575
238519554
240382040
256711504
258351644
258733727
260430804
263949151
264308144
266991927
268670778
271143651
272796790
272935702
273607741
276086290
277966854
278371206
278451002
279978004
290102966
294305052
297005272
303274436
305960462
309005548
310787842
314226116
315021557
320208842
320262674
324569343
325234944
325532840
331143041
332664447
337251408
346959080
353952286
354965170
360868541
362015452
363465660
364658196
367493978
370225144
370826427
372080026
383843424
384296028
386616957
388959006
391667319
393005634
397347940
400455021
400484142
401761793
408604521
413347909
416988534
417944148
418398544
425687757
425728496
426749346
428046758
432021116
433769743
434990669
444795869
446203277
448435492
458106106
471042974
472794556
479977447
480755098
492492968
493799694
496561360
496689980
499008624
502708074
506263012
511457637
511895705
514773873
515473649
515532009
516427366
519875926
522055332
534971048
544206456
552751783
556961810
562490223
562903959
567002429
568812584
572058703
576209358
582489669
584108484
587130583
590087033
592186634
599994413
605390221
608358340
609793927
623828552
624321088
633518054
635304773
636279950
653661748
656144020
664820174
667059054
698024801
698766761
707169008
708507882
708622409
717290176
717343095
722068158
723479515
734451739
736945942
740103994
745847382
747467688
750413481
756850202
757860798
758679396
760559764
760745989
772704851
779130564
786148895
791166069
796602871
799024120
805433178
815536646
820049557
824210974
829791173
834282987
838591351
838803123
840521365
841072976
841655913
842845040
849247299
850009545
851554236
853314704
860357987
872628965
885680691
887752912
889925019
890993487
891848875
894891645
897128771
900264201
913510974
919392574
931305921
942705134
945567796
965865002
974529371
980423336
989665487
995560961
999159587
1001520182
1012127295
1013784061
1018938779
1022008328
1022396126
1022446444
1023398970
1027153958
1033366506
1039519354
1040452375
1040779578
1041665273
1046136024
1048863084
1051167996
1057600359
1058198575
1067617845
1070667748
1071023244
1072125094
1073399478
1075003658
1078874427
1080468881
1080570024
1084469756
1088279216
1092565382
1092865524
1093005632
1097644449
1098466328
1105751950
1107021784
1108637282
1113263589
1120059940
1134051376
1138456434
1140002429
1143283209
1144693634
1148484047
1151232027
1151559901
1164090210
1176098366
1176382650
1179230692
1181614270
1182399261
1182671528
1196009183
1200583178
1214578030
1224585303
1227679954
1227967862
1238338796
1256682401
1259123913
1259198234
1260228810
1275892212
1279940123
1288623936
1290189902
1290325783
1292534373
1293957324
1299652977
1308350771
1310892722
1313800446
1319192426
1321394827
1324995261
1329660787
1331909283
1332466348
1334612208
1337592201
1340798782
1348022578
1348239428
1358538432
1362161669
1394254715
1394638889
1395840352
1398823138
1406669942
1410528474
1411257971
1420954715
1429015271
1432624099
1435455190
1449809910
1460539718
1462514488
1472487325
1473586264
1473870590
1475410584
1485008568
1490086512
1493184210
1493429385
1495700962
1498539240
1501638765
1507772309
1509194688
1511134716
1513475641
1514387948
1522848525
1529489547
1537130398
1546768832
1553532090
1562468989
1564209420
1565051334
1573829296
1582383176
1586169466
1586983807
1591902044
1598873009
1599109935
1601133600
1601592596
1602119446
1609678103
1619480835
1619547937
1621222210
1621849872
1623472891
1624458356
1627640526
1635524786
1643491591
1644797622
