-499563244
-497158046
-493173780
-491701053
-490396823
-489126295
-488803993
-485480468
-483019796
-480548891
-477561384
-476805432
-474141529
-471397524
-458219969
-457216009
-454747809
-450996883
-446902033
-443279229
-426422006
-419916912
-412539541
-410504012
-409318763
-405490311
-401479398
-394847084
-387976472
-381340568
-371495551
-362849516
-362206900
-360008879
-351572646
-349135173
-344851934
-342265495
-338911724
-330622015
-321832763
-319052757
-314842482
-313821569
-308016261
-307330365
-306969709
-304852558
-303766571
-303266505
-301286779
-299147282
-294865150
-289766336
-285596195
-282502065
-274640119
-268679030
-262841107
-260131269
-256535050
-250609594
-250185254
-247267882
-245644025
-243359033
-227159036
-218272117
-213070544
-212781428
-211056024
-208950912
-201066078
-198724595
-194713683
-178754445
-165818022
-162767757
-157408463
-155822551
-149714268
-148102707
-145316634
-144946461
-141425161
-136761801
-136494137
-130648961
-130488616
-129286790
-128383920
-125097796
-121230415
-110430310
-108692933
-105377715
-98871455
-92454152
-91969304
-91848493
-89006539
-87902636
-86145553
-82596625
-80225134
-78731682
-70379395
-70006219
-63893623
-53260796
-52866553
-52292399
-51375294
-49375192
-49094403
-44611607
-41255724
-35604987
-33201059
-32621011
-26344515
-23194397
-19363001
-16505253
-13916800
-12563783
-12146079
-11350269
-9018631
-2144512
-1991100
-719683
2996626
6887326
15230949
16889788
19810318
21406858
25938512
36663264
37430026
38537474
46774889
47462078
54904603
61115944
65744814
66211289
75243653
80661806
82599982
86126267
92518589
96465195
96684635
100059904
102188113
103009038
103100422
108519614
108794798
110090555
111105821
113890976
118253187
126728584
127154520
129261991
138359223
143617807
144252146
145457515
155441642
160056565
166164020
168210423
172406711
186215406
193441153
193640292
204601855
209518141
213726734
218523539
218824763
229266805
244850805
247868190
249156109
250361063
250737802
251598256
255337121
266967659
274973107
277381735
282602577
285548881
288682184
292063497
295223735
310418009
316637777
320923254
323839559
330053655
332659620
337072444
338452351
343855628
347549551
349416753
349857196
357554980
361646919
371517268
373055724
378999096
382931519
395834907
397527544
402504178
403269614
410630780
412332231
414652991
421677093
428130539
431629666
435280134
438558571
446510393
456188387
459185480
459881789
461740902
462348740
464093409
484604677
484915613
485381474
499751470
504832583
505171236
505742111
508736584
512432610
512869366
515399722
522472543
525609941
533857018
534924874
541320959
561723147
565212892
567753675
569801058
573099142
577691605
579952559
580537395
588709635
590826265
596334712
596956508
601149638
608878940
613131143
620475596
629656473
632033398
635872484
640693564
643295983
644654214
645580777
646948402
652247220
668992848
669432989
669730360
674060939
680287895
698035466
700005952
709328566
715388258
717745659
719423562
722609302
727977990
732144163
736317769
737906096
741691092
753757415
760047436
771361135
775237224
789592972
792242700
793661455
795387899
797200982
801376247
804199837
812349899
816216098
816914301
822668248
829811733
839414910
841470686
848013236
848421476
851715685
855171280
862043118
862780500
863047085
868013821
868148863
879760705
888540384
888748132
896097512
902779368
903743349
914444767
918792081
920219014
922703148
923541206
928653313
932958781
933930114
934569908
946142024
964793803
973577823
975132824
976557073
977211859
977774827
979250269
982070158
985381380
988641889
993584485
993680328
1001151446
1001533450
1011719909
1016459787
1020622482
1021795472
1023244070
1034187931
1037416479
1037763603
1042200638
1044317585
1046274890
1046711646
1047274058
1050660427
1055595984
1055943022
1062895836
1063133653
1065545526
1066379885
1067259471
1070714601
1071043872
1074908147
1081611011
1083176316
1083580085
1089475794
1090968698
1093113573
1104784925
1109388440
1112870036
1121241284
1135628848
1138478912
1143088474
1148973713
1154313498
1156957797
1159900492
1161783051
1167006157
1171501905
1172979059
1174566963
1176431362
1184062223
1190987322
1191576879
1199063049
1199348729
1202239517
1204783593
1205137101
1211658716
1214061190
1222307327
1223942034
1225149281
1225441295
1225888562
1228313462
1229107776
1231282077
1247768890
1250811505
1252589375
1255649752
1256461969
1279037339
1294319229
1295272062
1309738985
1316649024
1318435479
1319933772
1334009324
1346748904
1350890802
1352733648
1353715932
1360285167
1361183971
1362092647
1368200108
1370988342
1372397112
1373928187
1374847582
1380795718
1383186760
1391431366
1394414408
1395143152
1396846813
1414891902
1416988100
1417170429
1419285430
1420588737
1423951713
1427874975
1440451370
1440717932
1444076204
1444813581
1459420995
1464262198
1470420178
1481022049
1490185898
1491213813
1492960645
1496160755
1501625606
1504077941
1507851666
1524673937
1533126768
1535744636
1539437769
1541191228
1541555027
1545156839
1547144572
1551211969
1551324344
1559170461
1574518912
1577314238
1578364602
1581813252
1582204601
1588443982
1588655144
1593593453
1594520277
1598500799
1599728386
1600846659
1607830682
1622407502
1629736077
1630687217
1633246419
1636142742
