-496900103
-472604100
-472008297
-466678678
-461614508
-460021731
-454100147
-450156811
-443612030
-436654071
-436396834
-434226185
-431293364
-428364146
-419139420
-413557653
-408546752
-408021182
-395540063
-393952743
-386917549
-382062240
-380625282
-374836047
-369593643
-360713843
-351775195
-350552095
-349894619
-348112752
-348109352
-344643801
-344214512
-340213493
-339152092
-333605976
-322801458
-315879674
-313957903
-311741115
-310482168
-303424545
-299248735
-297110677
-295086360
-293654294
-288817459
-286560796
-285652482
-281245848
-279280516
-275411421
-268961957
-264044184
-255006902
-252664983
-247754440
-244266857
-242073549
-234166501
-233599479
-231788691
-231648794
-224255048
-222929487
-217043534
-216876427
-215755109
-210945535
-201073551
-189445156
-189082192
-182483183
-180075811
-179957721
-179166343
-163483405
-161134383
-155006856
-154463621
-153908893
-153235495
-146754501
-133290265
-132336154
-128343542
-125473786
-122855751
-122147139
-121980168
-119241538
-110888397
-86040935
-82941037
-73473643
-63470306
-60249975
-48785863
-43608983
-41119588
-33522952
-25010864
-23604307
-21635398
-10406785
-9862302
-6838495
-6258824
-4917991
-4656783
-3857827
-2957907
23073712
24164169
25125144
32412451
44516854
45350238
50092053
55363139
58379913
64239301
76062616
83348145
89500839
92817127
94587330
97187635
100646106
101939917
102069832
103833896
104077689
106899262
122345808
124249596
126073264
127383727
129335817
142152396
144462828
158457802
170019253
172673078
174515082
180843634
185674017
185769541
188150683
192013263
192306507
204526539
207927994
211053309
227953264
228123034
231333847
233327612
241355989
248710535
248894649
249538034
251382895
255872282
260241879
261274594
262214490
268426032
278748854
279765596
282689163
283215032
287923526
288872918
292336574
292632712
295031416
295600554
299544350
299919847
301728089
309732562
313551461
317769857
317780325
319305710
332450611
332734282
335845194
336902203
341274596
342086414
342642094
342653857
346540807
349676642
352506444
359025798
361939330
362124047
365771437
368562080
373986451
379500208
384387825
388427288
391411301
396926903
400036667
405469306
415247444
418162923
418386822
422845444
425726390
427732434
429156425
429544987
430326204
431908009
437166982
437332381
437938571
444245312
452990370
456046407
464508972
480460861
484573021
485971968
490750003
491143319
491948972
494458901
495906054
496665225
497060084
500159981
504384052
511747325
529454544
533687063
536616935
537949114
544783687
545068647
546059656
546360822
548084744
550900473
551382498
551704987
560505309
563556360
569526815
577425216
582849218
585119868
585642301
585972980
593847726
595786880
597996229
599967403
611768487
611948964
615420271
616222881
625566172
628111465
639150768
646928807
647290156
652789849
663692552
667398185
677593312
681448177
687800951
693949740
696159703
699829406
711962005
713401316
717751620
721921769
728964479
731278962
742769634
750250393
752133764
766779140
767890444
772470118
774991284
776650270
786077750
794703065
804409693
804704500
806014248
806364754
807363072
808340177
809308949
817047478
819675513
819779575
823614577
827755204
828776135
834123113
836395034
838243934
839434293
847034585
848570530
853896679
854194976
855185606
864075776
868012859
886956022
895358504
897782947
899813791
902266943
903457649
903809429
903980758
907281165
907932454
915641362
917218944
918705976
920104802
920381074
920445524
922636548
922984281
924439189
943796414
946091543
950333403
968884135
973465470
979134312
979642452
983774683
989096812
993273132
994446056
1006263802
1006289888
1008685697
1012750253
1015161639
1032839577
1032890117
1038840775
1040824784
1060687547
1061103587
1069232817
1070486455
1070902182
1071947052
1079402360
1088681505
1089546277
1092864697
1102520623
1107908806
1113397300
1114123006
1114925966
1117677550
1118012450
1119778927
1122563582
1125663448
1129432162
1132258974
1136984066
1137573283
1141358149
1143279164
1151150019
1151419562
1153321315
1157228691
1160026181
1166855489
1168740609
1169229279
1175503999
1178149891
1181114922
1182323339
1183760987
1188627221
1188946156
1191056028
1191759477
1194300411
1200286371
1209936378
1214993431
1219920991
1221129695
1238735571
1239209116
1239974245
1240391252
1243718250
1263233661
1265963502
1270972884
1273923401
1276625973
1280538558
1290003056
1290294353
1300611970
1308530261
1309077632
1309359339
1309729298
1309930469
1326822032
1328655606
1329768694
1335112859
1342979878
1351327779
1355912950
1356975218
1369240390
1370484615
1377801574
1378383339
1380139043
1383351084
1387351315
1388548359
1394056704
1396776767
1396979651
1399760752
1406542042
1409583148
1436239779
1436701484
1445081277
1446397489
1449991279
1451985986
1452007439
1461500039
1464691109
1469230359
1470753559
1474723753
1475467941
1479916856
1490150842
1491267256
1492984389
1502887952
1504028914
1508575608
1510917012
1511901684
1519366122
1522576525
1523917951
1524967769
1537147135
1539231247
1541934188
1543034016
1547574090
1548334866
1548426690
1548889764
1551105476
1551410612
1557537591
1565278447
1584175289
1589299624
1595092162
1598065809
1601045664
1605080810
1608255486
1615937886
1632217828
1641306666
1643988891
