-496819069
-495513722
-495209163
-492856811
-467843748
-462736158
-448097246
-444390278
-437990517
-436813596
-434296446
-432808288
-424905325
-423831702
-418979278
-418286996
-409932504
-408312416
-406338262
-405794471
-404436440
-397888904
-395877862
-382660518
-378315573
-373614942
-366760758
-366223395
-364239857
-363048734
-353913100
-349576832
-344913145
-343151857
-341705194
-337570017
-334531620
-333578651
-333090520
-327951242
-325706148
-321875797
-320352999
-317069315
-316888853
-307374020
-302536372
-298190311
-297354012
-297181738
-288907546
-286285661
-280993530
-277771258
-276838300
-270596332
-269554344
-261234589
-256584892
-243232682
-240118848
-234509402
-234497050
-233987182
-230090294
-228665414
-228577547
-224937487
-222891776
-214621538
-212732929
-201299400
-195200626
-195125296
-193337114
-186180270
-181476365
-180228604
-170989022
-169327765
-162261607
-161889016
-158774509
-158379024
-157123207
-152159431
-150361502
-129481768
-129263456
-124305016
-123923483
-123296149
-119095921
-116121592
-115396112
-108597350
-106456281
-104697160
-93583188
-87482677
-84069922
-83742316
-82606210
-78431527
-78157725
-76303173
-66689998
-65824996
-64260568
-63491787
-55841699
-54732544
-54422577
-48298729
-47716573
-39414272
-36301130
-35182102
-19566774
-15281806
-14281402
-13282938
-13220821
-11795218
-8755280
2862997
5217975
7607204
7965712
10355799
18604293
25862589
33067545
33122737
36981430
39472985
44794691
44828280
49389594
49820880
51485707
62205895
63148362
63451408
68644969
70543360
82595114
86334887
95876005
97664147
98370327
99197764
99523547
99966478
102859880
102929563
103058080
105098652
105873133
108195321
112809822
122509328
124671189
139801569
144916979
147984004
155127193
173549028
177597359
182180821
186344548
186424619
192780898
196190181
196475247
198602336
201156194
206998337
212108691
212939805
216015815
217786377
218533247
227767377
227905838
229500114
235666273
243955464
246086716
255510828
255655376
264459090
279737423
280220692
288160650
288286467
290517973
290871120
297197175
301595598
312082060
319996023
321395413
323046720
325339402
326301785
328036709
328638960
338418805
340609985
341856134
343785554
362739356
366804146
367162837
367299152
377295586
379458623
381748501
386419808
389690962
391893891
396509884
396656575
399455405
400912310
402470083
402559461
410063519
410742231
411630089
412202400
425641920
426654144
429779159
430750056
430973780
433064172
433079867
433129901
438176152
443757985
445957975
447216726
449183050
450926136
457205263
461899473
462367707
467063978
472860448
477530607
486340769
490926198
492541074
493684691
494635068
500599735
502080360
503960014
524277725
524839943
536887419
547704449
548920236
556732194
556996196
558387245
558511092
559418525
576730619
584531861
588026348
588862579
592551400
602829475
614532415
648859368
652282807
652432626
654344919
659761931
664802414
665933716
671027847
673547068
680965441
685524677
693715399
696353848
701305896
710868852
715247638
722456821
736381555
742413387
744874491
750729925
755969386
759378182
760111871
762545336
767174808
779022527
779321470
796527505
798609098
806949983
808909376
813429634
815590718
816156705
817727903
819863873
821222660
826574328
830634181
830936419
843305852
856090435
861571620
864425568
870649247
872791343
877742616
893576053
894289512
898580069
903992724
905181805
907155919
917467118
918211933
920494513
922570268
923534638
931194782
932372430
938042040
942832878
944752826
951986075
952290963
953324830
954886558
959095512
964041325
965757519
967658884
969447884
980393604
995737178
1003075388
1006196010
1012961783
1013054346
1025861402
1030347680
1039136001
1049550044
1054377606
1057751056
1059401236
1067726726
1068511153
1071692084
1074119948
1075201877
1079204677
1084598800
1092764755
1097494948
1097693149
1100999159
1103125530
1106638712
1107226000
1108156673
1109694762
1111333188
1111952790
1112019432
1119281639
1120356973
1138092951
1138619223
1139250754
1144612056
1149145716
1164199218
1168358922
1171664390
1188167934
1189510778
1202608562
1203720234
1205284663
1206709647
1208441119
1221861050
1223978677
1224479112
1227760536
1231121866
1234502590
1238275472
1239253147
1241385792
1255397664
1260699642
1263731568
1268148484
1279223168
1281258322
1281400682
1285790998
1305561749
1312481453
1312834870
1314946862
1315949412
1320353051
1320390424
1321111883
1324787437
1333475571
1334363130
1352843952
1352947256
1355007708
1356700206
1357776019
1365427373
1371002743
1371279081
1372480931
1373047941
1383354018
1385240695
1391490004
1397496077
1397647313
1403218190
1421250448
1425626562
1431141843
1431726693
1439070143
1447846316
1448143916
1453640408
1453990497
1456451601
1457728263
1464368701
1474008740
1479290080
1484104146
1487217421
1490392306
1491389996
1493400677
1494413589
1494878584
1500407152
1508937603
1515273935
1521826207
1540721261
1543876224
1545506922
1545955838
1547796223
1550872028
1551600281
1556184710
1559411852
1563936406
1574456778
1578081202
1578866952
1582129940
1584441947
1587179687
1589392568
1595220412
1603877186
1606060818
1613936346
1617709574
1619559995
1619683980
1622478169
1627833189
1632624027
1633397992
1638656388
1640430090
1642656086
1645022544
