-497716197
-492558376
-491419686
-486838269
-483259152
-478573737
-471910719
-470674185
-470080508
-466227338
-465700381
-464655474
-461063408
-455276036
-443989946
-439656666
-438591122
-432974127
-431759182
-428608293
-417685717
-415256102
-406383983
-405651180
-403891673
-396101508
-393956603
-389314556
-382408732
-370021343
-369016037
-368848694
-364831119
-360785276
-359396446
-359181017
-354459496
-350886598
-349626903
-345620979
-343935909
-341746747
-341658816
-334696830
-315535935
-313427007
-312355004
-311627147
-308152473
-302830979
-300663118
-295423706
-295012049
-293407889
-292904829
-290868013
-287259979
-286936714
-284978066
-282419540
-274800328
-272551904
-270776006
-261934009
-259432464
-258055872
-253372288
-251257426
-240576221
-238588502
-227717941
-225527836
-225434138
-214854619
-207463342
-207090855
-206672962
-206309715
-204086398
-203290796
-201075976
-195247372
-188277604
-180770834
-176458265
-174123256
-168526750
-163324137
-163036965
-160947753
-160765065
-155253348
-150544570
-149588866
-146987445
-143464032
-137343798
-134099657
-128560926
-125785149
-113474838
-107613534
-102466611
-101500877
-98661014
-94397537
-93099511
-91104596
-72732171
-71482878
-60270866
-54229375
-49707311
-42123276
-41164375
-40398546
-28358814
-20462089
-6715549
-2324087
3236937
9987760
12615571
20001143
21040815
28279472
28469499
29780258
39473955
43622091
47900920
49513668
53115601
53184445
53955469
55329604
56385341
60007945
62052135
77993740
82101493
82949170
85481004
88946088
93254768
96386814
96867777
98087361
106776099
112436334
112575201
113760497
126354372
127899425
130654858
136705898
140004156
144956142
155117098
160504151
161407457
164087340
165179443
170958581
171045011
171125200
175765134
177135099
178893660
180171761
186775837
192735493
216334827
221989392
225600380
231388346
233248624
237133118
244893593
250589995
255632302
255917150
257874954
265756135
265947763
266522010
271258412
271387294
274718991
279967608
284701431
285285357
289394668
294523005
301122523
303302064
328083351
336285824
339429416
348405987
350791129
353830084
358619717
371581568
374147478
380710621
384202611
393607613
419516060
421787292
429105944
433489709
439279623
441124485
444387172
448951092
449604923
449708770
452031182
460764683
461876942
466511257
469589214
471621717
479095785
479295286
480102875
489127486
509056578
513864880
515099483
521881751
528575829
545606619
547135004
552750605
553622201
558937627
559130877
559824067
562202515
568941735
571959367
574252766
574430181
587026909
587495966
606019008
608054828
608221448
608899806
614928820
619908277
626697423
628160481
631198868
631202843
634381811
639815850
645066648
651711365
652508272
652680481
654052782
654964331
659051288
672977758
674106745
681548369
689265070
690202155
696676245
701517686
707879407
708823149
711091789
711553356
716458355
717900676
730264357
735455061
738803233
751002019
753385110
764563976
767190466
773054715
778073722
788761018
789063811
790063950
797196868
798849397
802380530
811971612
812011129
813624841
816819470
826761948
827116361
831496343
834010984
845287263
846276152
846465845
848947837
857104749
858897723
861030951
861350612
871629153
876058616
888057861
888601952
889161353
890841640
892248152
893090759
905342800
912765671
919787146
927026162
927973257
931127206
933640088
938032889
938357886
940058359
942181787
942550232
944707312
956805790
966304797
967269252
971963571
975963214
978325453
978584783
980327894
994362958
998836276
1000245675
1012717155
1015166202
1016999080
1029088372
1029709589
1048312243
1050026101
1052551906
1055102061
1064432898
1067049325
1067346368
1073287356
1084223042
1098582841
1098661668
1099278070
1100380817
1103616223
1110800056
1115432184
1118082821
1118873689
1121444932
1124375853
1125327076
1135219973
1140282781
1143911212
1147187291
1154358675
1156002637
1163928140
1172121968
1172342589
1173963244
1174630440
1176760513
1178827024
1184892347
1191500013
1191848977
1192616671
1198689402
1199769384
1204608262
1207562062
1222900138
1224564980
1227836411
1229286230
1234890280
1234927588
1240872047
1242262480
1244959366
1244966133
1251027311
1259014869
1259337080
1261349170
1269931542
1272974437
1276741536
1278165365
1279013409
1289547096
1291987678
1296653814
1299473132
1302511350
1302587895
1303435007
1308192518
1308549291
1308714715
1315449424
1316396638
1319249853
1329783325
1334706673
1334931978
1337269388
1338009942
1342170124
1347869796
1353791825
1363647435
1366472020
1375421817
1379659327
1390506638
1391630297
1395366652
1396127367
1398369585
1410968445
1417963375
1418477074
1421918122
1425157976
1429840295
1431946849
1433040692
1434143998
1437818038
1437896603
1439337149
1447380602
1447803465
1448391333
1450471268
1453887977
1453972526
1455325766
1463633000
1464887614
1466721140
1467488667
1474749298
1477475063
1496814482
1504013153
1504715257
1510027118
1511875671
1513431905
1522213345
1524793078
1537204294
1554912741
1558319548
1566783691
1568187456
1572342396
1575103204
1575259636
1583309345
1585338722
1585655917
1587939720
1596030841
1598472631
1608613512
1611183559
1615423840
1615824909
1619120845
1620818240
1624255933
1628190434
1628396958
1629129451
1633499008
1636168117
1640054963
1644991774
1647317028
