-494639879
-494069150
-490179108
-489867001
-488512443
-487615989
-485838254
-484305531
-482182723
-476107001
-465588551
-465297445
-460636335
-450131137
-448056722
-445697551
-440566055
-436956660
-434695025
-416255828
-415432447
-413022191
-408470076
-398149903
-397761769
-394850313
-391167305
-391140676
-387018182
-376764218
-375283406
-374903229
-371821417
-368023555
-365261439
-356749779
-355990305
-354733926
-349221317
-348426318
-344981450
-339188786
-326444836
-318137103
-315849461
-315274541
-313685441
-300925366
-293254894
-291989652
-291370814
-289921537
-289856887
-289787372
-285240629
-278517020
-276052111
-270800468
-263083226
-256896394
-246335272
-241817005
-239190227
-233811746
-230455839
-219228274
-218529830
-216886745
-209715898
-206112715
-198671796
-197626430
-196919194
-196870577
-191306356
-179762138
-179582540
-176350455
-172946536
-170744676
-169271339
-159412599
-158554736
-153419618
-147488767
-140218875
-136330769
-129761366
-129236304
-128743696
-121824129
-120222862
-120212111
-111067807
-95679670
-91944027
-89775535
-85239654
-84742706
-81137038
-78658199
-78263716
-76582999
-73605579
-67928871
-65744826
-62027152
-58846917
-52909499
-29453466
-27373848
-26805919
-22553498
-19744840
-19524596
-16254911
-13836149
-8574123
-1954342
1948966
2415628
5231122
6741685
20842657
35184342
40748641
49021079
50449569
61154144
62113183
62897458
66572873
68851210
70326283
72119660
73924591
78867820
89051328
90599678
91350727
93848508
95780804
105028839
106868606
107045196
109326221
134658492
145489929
147898189
153953333
155401775
156804804
158357602
167640866
168170912
174286455
181388744
184051018
184917459
186929924
191338130
201568990
203571841
207124168
212020386
223586407
231201565
242822854
244669387
249862542
251318260
253704762
254381470
255375305
256128352
258511682
261919641
269078574
273291006
273560864
278899775
279204840
279244399
285260509
306779162
310006059
316556927
317126916
317592173
318255558
327609115
328976728
332335145
336573095
338797620
340682571
343621636
343831497
347925053
349622936
350794259
352316061
353066582
370147056
372187600
376074543
383560533
388297301
389208053
397257158
398225701
399908410
404474448
406765007
412546534
423757430
430364175
436834707
442599750
453101556
462727805
465104813
484457609
486424588
487671130
495456276
501555629
507192161
508615105
512367015
521902725
525788253
528364631
534178958
534629606
537400008
538911358
544670848
547066737
550294124
550324874
550933945
556703509
559295781
578029613
579636837
591302200
592462348
599286517
599670182
602602405
612932184
622447168
629482240
630762049
631539990
638902493
651590983
656411041
660920433
663063806
669638149
671211719
671624328
672407990
673974263
681028140
685336642
694328621
695590948
700450312
703466624
706035777
710006058
716555919
720264054
721283902
726514141
735892837
737668265
740544043
741276335
741335858
754129565
754752761
755497604
758634288
770447231
771040893
771468237
774467386
779685548
782878238
795216493
797738044
803545319
803578547
809126101
810033585
814186085
814562922
814886504
819373042
820316094
825084555
825415243
828180214
830873323
837051953
842989822
848223759
848920673
853271422
854014752
855002615
856731148
864345019
865224860
865973720
874985644
880123492
880756687
884370277
884411276
885569378
898462299
914532248
925327781
932873748
937137104
938233869
939324586
941812163
941949349
951055420
952129560
955713673
969157086
972190433
974770928
975334645
979201365
993202972
997928526
1002796295
1010530121
1010607118
1012126718
1016007402
1017573146
1017864929
1018447676
1023583945
1023833911
1029050462
1030992844
1030998216
1039183461
1041207624
1043715409
1044086036
1050992715
1052275701
1062983130
1064388321
1068445176
1072171648
1073089481
1073766819
1075047290
1076103855
1076733019
1081550967
1082805463
1086048123
1091115383
1091191675
1092594440
1098961071
1100941196
1104551371
1106106372
1108554197
1110073206
1112502403
1117857653
1121693237
1125971839
1148237579
1150003619
1151159141
1151176284
1154053330
1159104718
1162335664
1173865686
1194602153
1198352282
1199994675
1201431906
1214016748
1215567702
1219171765
1219411506
1220773024
1220941315
1229707178
1230467903
1235722097
1237260897
1238953657
1239840177
1242150527
1252177675
1256468244
1258474781
1260633261
1262118992
1276106570
1279338130
1280232968
1280310744
1292500684
1300349937
1301105253
1307056774
1310287004
1311685986
1328152508
1338733342
1340664473
1341791521
1344337048
1346327782
1348819656
1362871492
1365648090
1370455982
1377492427
1383268048
1395551508
1397953933
1410061092
1423141281
1429659747
1432625275
1439033219
1446039167
1446947820
1449497169
1453262487
1455695746
1457290577
1461955371
1462432381
1467036047
1469842968
1474612786
1474718019
1476556330
1476856940
1477862538
1488249077
1503449151
1512345168
1513015758
1513987015
1517060637
1518375880
1519178193
1522053971
1522883882
1524855909
1531270270
1533173094
1534371439
1537239920
1543167514
1558406700
1558950421
1559666085
1560908728
1561606711
1565260914
1572889850
1579724334
1581046952
1581748279
1587052142
1598207139
1599449707
1604338439
1610349978
1618500185
1621927665
1626709735
1627203658
1627450303
1627467479
1644252088
