-492797881
-491283815
-490900814
-488684628
-486469189
-483087802
-474080055
-471520002
-469415222
-466710427
-463183326
-461553176
-455345218
-450937461
-450834915
-447028324
-446661929
-434972238
-434543546
-429075187
-426368243
-412791703
-412089250
-408182610
-406341390
-400161138
-399786749
-399197127
-396773604
-388372812
-383723695
-382829932
-379658974
-377807787
-374563059
-373784127
-372953938
-370238460
-367719654
-366566379
-363626618
-363430007
-361764183
-359241782
-357729191
-355628531
-351297625
-351104539
-349903779
-345406277
-343732503
-343348807
-343197940
-340717630
-336948887
-327845839
-326105279
-323939795
-319721136
-319486077
-314924766
-314390846
-311669790
-310483686
-305293877
-301473184
-299221898
-296511544
-295085538
-294473923
-293171985
-291529757
-282980732
-275114882
-259502428
-259024284
-255261062
-255256361
-254825658
-250403241
-243685772
-232923135
-230236598
-226384602
-224926484
-224726186
-223967466
-222889738
-222278029
-216470157
-214870312
-213065612
-209240879
-205653626
-195864795
-179389444
-177570116
-167827994
-167407470
-155047811
-152730270
-149189070
-144325366
-138924212
-138337312
-135361022
-135081950
-121729235
-119453306
-119202644
-114382839
-111015834
-107506704
-105646275
-105636832
-93866652
-90751655
-85189287
-83997683
-80751475
-61411163
-58335006
-54904873
-44365018
-42520530
-36234249
-31556348
-24961619
-23752129
-21890372
-10557107
-10241530
14559299
14928229
18934804
22935924
25998569
26622318
29800793
30115317
30304030
39647077
44917843
46873664
47188536
47224425
49874398
51813261
57522728
62018496
63527992
71768238
84681888
87407661
100991758
101245402
101395371
104381347
104857679
109843373
117114346
118147889
118657302
123043530
132998733
133294960
133498626
139438582
139485940
144813998
150414932
152214442
153143030
159506461
160065571
182066674
192829525
196869224
203524857
210103450
213806755
215840749
216938808
223938255
225155783
226210900
229979334
235402675
246920124
252090023
252138887
257379646
258021197
263801748
266154485
271133649
271463778
271758782
278379878
279845590
305906221
308271632
309105831
312716914
314546887
323116684
325114463
325274581
334429743
341965215
345433104
351194526
351371657
355906264
365685173
370737514
372099043
375441009
380642381
381476700
383598410
384370369
391370321
391463481
398388898
402624191
409514846
414934074
422792507
432209404
438658649
438790638
449166187
451829047
453357773
454484696
461519704
462388295
465359859
478020813
480883620
491394267
491647732
493295178
498165900
500229300
509929241
518238965
519192061
525703759
528185620
533042201
534659494
548931436
549379438
552694754
555729781
560016329
561076485
579809530
592079926
592334640
598073008
601481276
608911140
613003303
616058121
616544986
617595568
627099310
629324761
630736220
642565850
653053473
654081018
663957075
666670466
669620192
674590791
676110869
676273891
676759693
677186398
682379127
683638251
691967117
692072480
700255469
704980926
707703408
708015270
708783283
713773881
715946974
727712775
728984837
730108652
732531774
737271188
739717093
747271822
752278825
754538401
760675084
765713200
771164051
773452910
775095252
780320518
783170885
784144212
786325968
792505194
800522637
803703486
804564185
808302051
812852536
819652169
820076129
827768271
828782466
830022571
833206751
840042692
844377723
844585263
848394155
859577837
865950039
871809322
878872062
884115948
887440356
894331627
901644811
902262813
910757699
926867428
927122766
931148302
932588119
935484165
940076869
941722481
945344803
949767574
952146765
965412956
972687199
975283639
978272026
979889318
985040131
989360457
999213088
999760227
1001203584
1001384115
1003008174
1003105646
1003586099
1020747345
1024915331
1031120506
1032553100
1043647338
1047397383
1047910616
1056806538
1058045108
1066056714
1070374595
1071113418
1071476116
1079235467
1080540264
1082246489
1094609194
1095253362
1110906008
1111429135
1124189066
1127310940
1133595698
1135725747
1143427868
1147041119
1150156547
1157358538
1163856148
1164424259
1166139861
1168926483
1169239430
1173211110
1175361852
1186146433
1188607668
1189363806
1195051704
1196609188
1197420657
1199263921
1202253823
1204438702
1205496661
1227650989
1232328890
1233999635
1239619370
1241896562
1245778636
1249984665
1253382944
1255994274
1261525357
1263664554
1291576802
1292040816
1309018734
1320018113
1325146425
1330137023
1330194916
1336231584
1339348133
1340169714
1341946062
1342110292
1343513546
1351600957
1353535238
1368649713
1369642670
1373052991
1374566183
1375065626
1377365898
1379951567
1382244712
1385991119
1386179822
1386817608
1396734744
1398649244
1404288656
1404789998
1406346141
1409902199
1419471831
1427479072
1429692503
1430703970
1431267973
1440743191
1456453268
1456572610
1457161926
1462721330
1465169453
1471289976
1471964385
1474032764
1475358653
1476217081
1486193371
1486404521
1487246498
1498785076
1513772388
1524330594
1530230742
1532070846
1532114880
1534886580
1539537221
1540920053
1541960106
1545055200
1545558790
1548209912
1549805604
1554154386
1563638844
1567701695
1572426762
1579208390
1580390382
1589865232
1595258504
1598063889
1606411246
1616147984
1621193793
1622974514
1627719835
1627786143
1636303135
1637083878
