-499907196
-499023787
-498411003
-489749342
-487256524
-478390858
-466153159
-463350489
-461218078
-460913487
-451508463
-434987490
-432399151
-430107764
-428928531
-420693594
-419104597
-417362601
-415191151
-414150254
-408316429
-403434959
-401845931
-388714435
-383457749
-382188759
-380808549
-380591966
-379939262
-378680843
-377790340
-374594047
-371757866
-368841842
-367285041
-361752140
-356086351
-352540360
-346975236
-345130695
-342641925
-340417035
-337168973
-333230361
-330427464
-329881336
-324161517
-320544514
-315077432
-311659281
-308510100
-306753254
-303465377
-295979706
-292612629
-290346171
-290053429
-278172671
-272587761
-270342213
-269061628
-265375057
-261898481
-261263413
-260210801
-259272809
-254531574
-252145106
-250787595
-249695907
-242644325
-230467131
-229499038
-224279176
-219470955
-216673447
-215666585
-212723258
-212548646
-211170857
-209685699
-203017919
-201856344
-198437191
-198193627
-196343312
-191500592
-187287276
-184987475
-182890026
-171233990
-170257777
-168364669
-166742650
-161531602
-157171303
-144490256
-137018766
-133529937
-132671616
-128908866
-127495842
-127397099
-126671146
-124138935
-122098603
-122081784
-121780711
-120227507
-106173450
-101263080
-100950274
-100823802
-96880426
-95974297
-94647885
-92204105
-73590247
-69070298
-68354286
-63711217
-60233571
-59922594
-56534756
-50273521
-49898418
-43862526
-42929974
-41151670
-40713924
-31750879
-22945114
-19207524
845035
9530472
16898760
18972133
19953966
20427838
22338960
22702354
25616175
28740566
38246734
48753597
62087860
62837810
64144266
64224930
73309267
74144367
77296813
77325551
89647656
95827412
97334727
102911371
103110764
115302746
116999001
117436554
122994868
124719906
133615749
134620684
136816346
137792559
142259056
142763093
143784928
143873289
145433478
145475210
147276993
156784365
157248505
158305512
166205448
171221859
181468557
195247250
195311102
197691796
197799515
205561761
218993431
219751590
220543777
226299012
230652673
237472253
242027358
245265896
247584650
267477153
268633555
269166371
276280505
288995638
298232512
301969677
305222102
318656120
327316372
327761011
333147500
333803895
336453016
355527188
356578274
361254360
372030366
373137361
390943636
390971424
397528046
399859619
402275468
403508162
410088735
410415677
424237241
427138961
429938681
439671869
445654409
446049389
453916861
457564323
467332384
467534783
473037628
475287847
487122813
487676357
488673200
489494394
496088853
500852513
506119907
510743338
515186553
516612752
519146052
522699613
525904735
532265889
536861454
543089236
549497623
553972715
559903939
565262050
571356558
571847910
588894220
593984170
595738486
595769462
596332304
596404842
597537102
615911572
618834515
621883504
623468976
630735687
634186613
636957293
643105001
646564063
655884104
658523443
659155306
660665426
662132424
670270256
675711248
692623476
695431043
703053790
710623961
715797266
719584608
732460882
733655858
734059669
742156461
746481169
747195041
756606651
763384255
764254832
775769071
778638637
780474463
792385259
794902699
800363749
802207118
811481006
814642488
826218207
830721237
833391301
834437864
834648931
846524751
847629628
850075092
850300348
854340534
856406982
863870688
875908347
877569507
877858564
883346239
886723723
888660356
891290164
891417745
896426693
903389087
910901189
910987608
912831354
914180370
917484331
918322250
929964451
930995074
935109197
938221603
942105801
949841316
950905575
952595551
956298329
960477910
960967259
967313024
973758610
987943946
1001800174
1005022103
1021201655
1022487787
1025636487
1037306188
1042803495
1044442509
1046937682
1054209995
1062299759
1062413305
1068022169
1071105310
1080414680
1080950009
1081890009
1086540533
1095716342
1096791192
1099242475
1103272535
1114523425
1117749769
1126599097
1133619864
1137033714
1144611709
1144704513
1149436001
1164152744
1164214027
1167293437
1177259595
1180922375
1188286533
1191805591
1192852973
1196680989
1198471337
1204107717
1212047379
1223938340
1227128754
1227726063
1229071797
1229875159
1240630765
1241202941
1243015479
1246123499
1246463844
1248507794
1254441986
1256030983
1257476815
1259303174
1266070586
1266163390
1266879645
1270707617
1273826189
1277020865
1278731071
1285504283
1287321792
1296947866
1301778808
1309700307
1315507455
1316460185
1323128581
1326870874
1329399458
1329615902
1336926386
1338838699
1350594371
1350928988
1361790417
1365957388
1367653058
1373326235
1379534879
1380721553
1384191275
1396525724
1397091332
1401044665
1404492549
1412986794
1414680302
1424219460
1425156826
1427371905
1438088958
1442844305
1450434412
1450832434
1453502804
1455038477
1459371788
1463883720
1464959770
1477165932
1484101365
1487267562
1489481706
1493927481
1497168777
1499188439
1509509431
1510790016
1511012773
1513516442
1517966791
1522733198
1523037932
1523254325
1523904533
1525449941
1525545665
1529035165
1542385829
1546827740
1550562779
1551112508
1551228353
1557152742
1560092623
1560448761
1562959863
1575784936
1585520273
1589288333
1589861417
1590922993
1592604409
1593146514
1606179553
1608063242
1614887659
1619104338
1621234768
1621398099
1622075582
1622725705
1625105133
1625573353
1626426010
1632958290
1639796577
1643150337
1643957514
1644857976
1646203063
