-494483927
-487422670
-484878098
-484775575
-483086690
-482900263
-478918468
-468208096
-467972820
-466635182
-462101350
-457632580
-456106204
-454838844
-447487341
-433305334
-431019105
-424816916
-416071262
-415015687
-411761042
-410945047
-409602459
-403929838
-403596768
-402184497
-395441359
-394870076
-394734768
-390152576
-388536160
-388038322
-382470265
-365593660
-361714439
-360763493
-349607100
-349200969
-344696882
-341569488
-338405962
-336275533
-323788677
-321804535
-321012799
-317688203
-316678148
-310186720
-302283403
-291951192
-291317745
-288929101
-285497686
-284133564
-280460929
-279417148
-259682771
-258513747
-257952927
-255307481
-253198161
-252260695
-251979861
-251077878
-245231986
-244560869
-243964626
-239872301
-239859577
-235446064
-230750477
-230563895
-228476394
-218554395
-214835140
-211417688
-210509751
-201030836
-195691277
-194504378
-191867133
-191726261
-191628092
-186906679
-186095270
-184056762
-179081677
-165466971
-160040756
-157544852
-157127999
-147036642
-145716858
-135045181
-133548143
-130081195
-127994515
-126266639
-115445517
-108644671
-106734343
-102773491
-96695000
-90378441
-87619837
-85627095
-82810414
-80262421
-80090233
-77719932
-75323450
-72453793
-70399328
-68427274
-68069137
-67799771
-66051944
-64694548
-63014628
-55206633
-49281596
-45914461
-45009146
-42765028
-40352953
-38932664
-36107648
-33579197
-32667368
-31005912
-27842674
-26278352
-24815963
-21309574
-20623828
-17934796
-17369668
-7750855
6088506
8006438
8714068
21009024
28594273
29602247
29746367
34577864
35275155
37959005
39110245
49150928
51236680
55240130
59328084
67067060
69623677
70342530
70614697
72597864
86715408
94472948
96330215
97813191
99170531
99600802
101034683
102216882
105626532
111035520
119938088
122640447
125567665
132171965
140320431
147189553
154443493
154543435
161167614
161780445
162826152
168269229
170903311
184283971
192290669
194668995
196200156
199959024
205813570
208756556
209540639
217375395
224755873
226553979
233909395
237301889
237418904
239208291
241842767
242631838
242972524
244940976
248284519
253001204
255427096
264672461
268690000
270028778
271000196
271879641
277766506
278276234
287462801
290602477
292727020
293445676
298553982
306668649
313175425
315195092
327601722
333524425
336620816
346508943
351227066
356873556
357545835
359265440
369561491
371567028
376456359
378762090
381851734
382500629
389728184
391219773
396547919
399083550
405506050
408021481
408131722
408314339
417627997
425675769
431239782
432969748
434747901
434788984
434866310
439129775
439812550
463907102
474826388
477161249
480607030
483283248
492268820
500423536
502100976
512304016
517314028
524800160
527132741
530165428
533715365
537112727
546316076
547781902
555960741
558034297
558133795
560272386
560893751
569331481
574353260
576269466
579223478
584631197
585680552
594220246
610433969
614623614
619263682
620860357
626635556
626730225
635455471
635591762
643607569
650732746
653244483
656328599
656886591
660158682
671554246
678423486
684012885
685816192
695171891
704572657
704634622
710571719
714098358
716289973
722382145
731860149
733156626
733881987
736582679
737476617
737539311
738600403
739303293
744721844
751618753
769189342
797879577
806614958
812242361
814838521
818367160
820400085
820848614
826118813
827707705
831473525
835567688
836236261
838067256
839320318
840279456
845011270
849582758
862975902
868842792
891817729
897814852
898253831
899822834
908123863
909367949
916873919
918492070
923806646
930378385
933228254
941604287
942195934
956915870
958696239
973137372
975795976
979958465
985891025
1000914356
1002594871
1018654001
1021926649
1021932586
1022704172
1024517605
1027904367
1036964783
1037625741
1040387686
1040493522
1043072933
1044875344
1045901830
1050391417
1051135854
1057943710
1068235591
1071003254
1074684965
1074962246
1075375061
1075562599
1077583959
1095766497
1103135659
1108890186
1114406259
1127657974
1128033484
1129352335
1131883455
1135994002
1138849108
1139871327
1140277816
1145440385
1148158053
1148790868
1151912217
1153891481
1158869560
1162834396
1165229817
1167266492
1172626973
1187026439
1192529226
1200784317
1210198261
1211990299
1222061365
1222104796
1229698959
1231386427
1232396801
1233228895
1239519880
1244974131
1245806234
1247175747
1248093329
1249413074
1252203222
1260571470
1264410257
1267148808
1273260121
1277710648
1286547863
1298592579
1300099607
1306033534
1308176398
1308691266
1317443428
1322830467
1346156248
1363069558
1364802445
1366099888
1366229215
1375646888
1380332438
1381768807
1381997004
1385002077
1387528685
1388325480
1396728421
1403191587
1407169184
1409922336
1419348930
1424449764
1426194239
1432773725
1436609430
1439880258
1446416280
1447093000
1447356959
1451533258
1463572923
1465850681
1469162039
1469825970
1472166348
1473433500
1479120180
1481075106
1482887202
1483598847
1492713436
1496963755
1497806484
1501817668
1502665000
1508633021
1517307205
1520040171
1520999426
1527189994
1531226657
1544478510
1546557798
1547548372
1552311515
1554445448
1555217217
1555313416
1555653639
1559792760
1560759800
1563300391
1563379421
1571001042
1572552831
1574278023
1594305829
1594453987
1599735616
1606764019
1613965823
1615181520
1633164373
1636415742
