-493854424
-470703499
-462896149
-462550374
-459755105
-458111831
-451720460
-441798515
-434648326
-433370814
-426331714
-425454588
-421338569
-406863423
-397644119
-393282965
-392213931
-384232481
-370607676
-369487753
-366881273
-365323660
-357585441
-352012712
-350746793
-348926658
-347797830
-346047004
-338769392
-332241295
-321895896
-318185586
-312654232
-309698384
-304843189
-296838894
-289916235
-282163507
-274644794
-272720037
-265937254
-263704203
-263694411
-250711573
-249556141
-248039904
-247452672
-245686554
-244435782
-244328715
-243961216
-237217429
-235152972
-234843650
-233597509
-224246500
-212928277
-205369228
-199994786
-193708414
-177074163
-176984073
-173225218
-171729474
-169510263
-166251672
-165828606
-158762743
-155442007
-154724819
-144948051
-139865161
-138400248
-136544930
-136008074
-130473686
-128127440
-124898031
-123541272
-123323981
-119074468
-117870669
-108149161
-104179797
-96626235
-80193292
-79389793
-75044440
-62339788
-59014711
-47529307
-45725499
-43030157
-42951003
-19463768
-15028268
-13135642
-11993084
-10871609
-8835753
49537
1930099
3320171
16597633
22710076
26856083
27713596
30140810
35626461
42156140
46677448
52823025
55420637
56670943
58490433
60078112
60605033
62333272
63807294
71734862
76630345
78894611
79665939
79918300
81344939
83285268
90726534
92207757
93448512
95066676
95335110
100596777
101102565
103730712
111578576
113350746
123293419
123840544
125458339
125785500
137115679
143235595
143824652
145269974
147974125
151128627
151384421
158443342
162338339
166250529
166349410
172785885
185280876
188558086
189827107
193400166
199646852
199780395
200814571
202126807
207966426
208925073
225648711
228946791
229687552
229937702
230336905
231868109
233314639
236960467
238239684
239024673
241911398
255474916
255799049
258179245
262226372
266413517
270787837
273066446
275133074
276211717
276657649
287083893
287364568
291220391
293155944
295642854
304248707
305250494
305639598
309912876
310065783
316135211
321107188
321453180
328438634
334146175
347745387
350403689
354808199
354869999
372083716
373303798
375073927
386191998
395422529
397438048
397812045
397835327
398138098
402036244
404210669
404728124
407672382
409730617
419900373
421689660
424644658
425370361
425788343
442374436
445778484
450686463
464216362
471719188
478216988
481851998
481953852
482531745
483445993
487093135
518081796
526058125
533116079
533251403
537969963
546162213
550340268
552222284
554675197
557725886
557748977
564637261
571288421
572848354
576443703
580810387
581773755
589671911
591275112
596263572
598659004
600602139
607361323
609939261
614736524
617132973
617361548
627587232
638852198
642481151
647246565
650755747
652291960
654290179
659097924
672787083
674344716
681089026
681153418
681184907
697179224
699061181
699886584
718861925
720851254
721429802
722533053
729177716
729811534
737477731
745052658
753637596
758909371
759914099
762863925
767295090
778453245
779526812
781571659
782156510
785848227
786608645
788013020
791065099
793150491
793587419
794363784
796554327
798319907
798947387
812564704
824108835
826763151
828018423
828297712
831803208
838410605
840456567
845343196
846420241
850541593
850932648
853760977
860026185
861230394
863698024
866511134
873979633
882366414
885716707
889827092
899797312
900116114
911276207
918601240
919949911
925734850
928971066
929108514
930077906
934595934
935561071
940945227
942960528
947699077
952198409
954224134
958743131
959180892
962856411
964372504
968712225
972862414
973193995
978666589
982056046
983332786
983775928
984807104
985400523
988466324
996250411
999739984
1003690769
1004079255
1004868895
1005665694
1006548623
1024152180
1024318609
1025253892
1027588489
1033375756
1038503859
1041783923
1045636708
1049581347
1050615340
1056670460
1057328020
1061346620
1061862655
1068587496
1069712182
1073177809
1074706402
1084336497
1087889788
1092792860
1095975138
1115369435
1117098383
1119388431
1124423493
1125747345
1133712856
1134398516
1141919994
1149085740
1155861166
1156522137
1171162483
1179872919
1180449239
1184437265
1185001330
1210081036
1217332514
1219955125
1221092261
1223250839
1223530374
1227351335
1229219532
1238799993
1243856879
1248035683
1248114096
1248367369
1256741560
1259993194
1260200020
1263600271
1266552553
1269405186
1274282145
1276569060
1280038049
1282208377
1290410242
1295342451
1295629124
1300204784
1305523415
1310392486
1311966142
1312854443
1314383376
1315784376
1328131681
1330270621
1348965950
1350188107
1353854312
1354740162
1356171278
1357437820
1358781385
1363501449
1365022362
1369058479
1383046861
1383207518
1387723328
1388059602
1388217167
1390505442
1391280361
1397127278
1402837824
1403798950
1407729202
1407797633
1409697514
1422098262
1426589246
1429705509
1439013691
1444085436
1444882331
1451841513
1452604743
1453148223
1455405026
1458693942
1465137469
1466373304
1467075485
1473469302
1481766861
1494168244
1496894720
1504179336
1504338687
1508974058
1509504119
1513719766
1524842300
1532860544
1535993106
1550648644
1568092063
1568954006
1571711613
1572861520
1575556151
1578924353
1578965464
1583227258
1584886267
1586368625
1588470547
1590489888
1611365419
1629317046
1635183948
1639789274
1643808129
