-499539067
-499189976
-493881784
-491841676
-488853876
-486665286
-476762440
-476208135
-468344765
-467091111
-459480777
-457188234
-454771736
-451043548
-447961672
-447913527
-447148517
-446638980
-442422616
-441348970
-437099325
-436729793
-434248333
-430764567
-429988256
-428256778
-418801136
-415493281
-415404098
-411669218
-411059706
-401214075
-399118610
-397691999
-385509707
-375701478
-373211155
-369558839
-368606316
-347913243
-343520023
-340567976
-335658210
-329094015
-327982891
-320935691
-310102077
-309153736
-290406941
-288280684
-285052120
-284962937
-273166164
-253768454
-246270277
-246110332
-243021539
-233125307
-217966664
-216864954
-216589360
-216251279
-213228020
-211678899
-211025788
-210317671
-200713679
-193005605
-187059981
-181196292
-172214716
-165358061
-162181015
-160452375
-156405310
-152486381
-152075645
-148073466
-140170795
-130193275
-126542995
-123575976
-122993861
-120150309
-119583583
-118550233
-114556953
-114481523
-107251654
-102043348
-99886372
-88410133
-80077591
-70015057
-68715563
-67011103
-62971261
-62337157
-62123346
-61820673
-58392051
-51593763
-43746737
-41462503
-28542139
-23343494
-22272056
-14481614
-6950256
-1290221
4449936
10507173
12494753
13174514
14008242
15065188
15154937
15683646
17163169
17188528
19008421
21153727
21893482
23544334
25002282
30659988
35188328
38946802
39873227
52439960
70849934
72369441
80726987
83515565
87468803
96999192
100731199
107063976
111470683
114284013
114974400
125680882
132765315
139224049
140900746
150759004
152852613
157786166
165020461
169532020
171634915
172935043
185630884
188612949
195338588
204525678
205617478
206549252
209385067
217101102
217550565
222656237
224519758
225314571
229816683
230285967
230998803
234905122
238421023
246579347
247344084
256612151
257207096
261276325
261485232
267385273
267922133
268518154
272858288
273066546
274678486
281563396
281939882
288013200
291635516
293894270
298474762
302845761
317221664
317261365
318294810
320251196
320922089
329188409
329190600
331444511
332932169
335925226
340126783
344175751
350331271
359278336
361271287
365724454
374186262
383177197
387273109
387742836
388743747
404931647
411825847
415145180
423181229
423770541
425643656
429807393
432251543
433374111
439529079
446951412
448323682
452052455
470964596
474529026
478104752
489625138
490311919
493649439
503139294
506085239
514640621
516016149
516359913
519968296
521237256
522944694
526620213
529230169
531627447
544870152
546324554
551332773
557503615
557672633
561516991
568488678
575320672
577449663
583078077
588112331
589306983
593926542
601449128
606601955
610893436
623261829
624233667
628918185
631928432
632364607
634805823
638423690
640563131
641379138
642378694
642981705
649360498
654049263
661645514
662802516
663781053
671961036
673433584
673572362
684881355
685220739
686551890
690123571
694114099
698588391
700301565
706419781
708829569
710581717
718112231
722939719
723013096
742311436
742314321
742991197
752303557
755400991
755957654
756418842
758043871
759986104
763593615
764279248
768722876
775864579
777153902
780156486
781593351
781890314
785699488
787025132
792295392
792447055
792694861
795973386
799654803
800886285
801707326
804864324
816849161
819254618
824739244
830183875
830993899
831055224
836921097
847816210
847876088
850435778
854854077
854987025
860371298
861091831
861137188
866637952
880423251
880792580
904030141
905714051
919575152
920415212
923866633
924089510
929150674
934356938
938441281
938958837
952340463
963148278
966737170
989956394
990587800
992360214
996276840
1004414177
1008704877
1011294672
1018792846
1020236122
1024083686
1028212526
1033311478
1033831552
1039244936
1043329279
1045233292
1048348512
1050269221
1052004391
1054100748
1054910772
1057544914
1062408172
1064867705
1072984341
1075319178
1076443582
1077704748
1083571329
1090674589
1114176000
1117836328
1124565181
1129250277
1135711305
1138408890
1148930863
1166780077
1173572080
1177671464
1179529532
1186129135
1189500317
1192209710
1204802124
1211672050
1214402173
1216484002
1216805585
1216878001
1217658433
1219470005
1229142859
1232234513
1239196517
1241330720
1241791654
1260898185
1268719680
1271627366
1273116197
1277419181
1279171056
1287975922
1291882816
1292741762
1306901876
1308760103
1312079945
1315376141
1317127114
1324168392
1326633374
1332327704
1332957302
1334510451
1334590394
1335706316
1339465093
1345703063
1346724806
1353851576
1354107955
1364188757
1376963866
1380365075
1382954411
1385549917
1387365074
1388857313
1395589178
1395842170
1402771304
1408451673
1409625482
1419124991
1423038562
1424135446
1432637918
1433305580
1440153787
1445486840
1449586271
1451205110
1455704487
1460073623
1464112806
1480151787
1481590635
1485987543
1486630385
1488150560
1488799007
1505304122
1519077157
1519168268
1521352651
1533410636
1536296954
1540128349
1541035707
1542595650
1550286272
1550474647
1554273878
1560931128
1561169728
1561315959
1566577161
1571490365
1573407951
1575784584
1577129789
1586902802
1590951193
1593342842
1595894030
1597597532
1601927049
1603240978
1603981494
1605268751
1610033184
1610494118
1616083227
1617496175
1617690129
1618197075
1623294066
1624627736
1625945222
1632945402
1633293625
1636926907
1642925632
