-499301391
-494232720
-480600106
-470603405
-468055215
-462837836
-462249555
-460406905
-455655952
-451616242
-451263008
-450077610
-447602601
-444793878
-442735302
-438014507
-435485846
-429437752
-422231819
-421284516
-420169488
-413708523
-401638105
-397845784
-386486930
-381552268
-379794367
-378221557
-374750347
-367247122
-342894140
-336796249
-335883846
-334330686
-332324471
-330020848
-326373317
-320735881
-295896283
-293194442
-288128893
-281992208
-278284584
-277714336
-277007410
-276480808
-266079684
-264020559
-261821409
-250500714
-233341528
-228752270
-227192278
-217203615
-208566523
-192929640
-186147169
-182622797
-179822313
-174765953
-172649594
-171529791
-153965979
-146904411
-123369474
-120216819
-116322894
-115080833
-112299011
-108118453
-107959580
-107183403
-103612101
-103564402
-99278357
-98899885
-95680939
-89592186
-82633375
-82314929
-72410153
-70201782
-66094672
-65038752
-55721054
-54796389
-53032100
-49488339
-26647828
-18520829
-16008125
-14114861
-13109083
-6941376
-6494552
-5805364
-1011248
1479573
6094535
10935322
12731902
18284304
18591703
23169411
27576728
35888197
47064415
47305418
50830772
52330116
53363473
53718508
57465977
68435215
70636148
73854393
75617312
76316954
87044853
87771051
89635674
91094320
92722882
95716848
97577926
99483169
104109392
108005193
115643683
132668863
134395406
136261977
139021370
143434610
146171488
153181081
161067997
163201079
168196202
168623547
169065093
184564066
186205931
190403859
193240337
197306536
199876041
201314692
206630164
206669428
210437044
210453914
214105577
226973027
231708400
233312100
234942923
243790215
253288722
266349565
266771789
269003968
271061198
272865196
273002459
277902837
278632476
285402422
286914522
288020566
288193961
299937350
301621133
304128865
310628102
313722887
314538696
317051984
317255803
318008260
322700854
334480385
340359045
342488888
346665598
355500193
358420552
374655824
381921493
393510179
395016827
396946351
402482434
405418409
414176848
414869721
417416898
420927776
421237783
422135007
429131227
431439921
432722709
434215677
436679497
437363194
444614558
446181550
446308006
453872115
454087058
463771287
470328659
470894070
472776057
474623856
479399705
481712364
487036107
493082576
496666411
497622518
500035909
503183143
516989449
524850230
532386703
534012754
553031425
555798844
556938541
568618951
578817551
579945681
585195439
585280757
590726660
592541793
600549177
600668891
600976156
622563911
624366589
632526818
636088669
636968674
639950852
644603008
649581134
650559739
650678725
654936516
668395880
671538404
671879907
678641342
679581615
683912047
684141656
688798993
689534728
694147127
694638786
708736065
715700275
717906454
726717044
727025100
728986977
733139992
738116678
746799426
747070330
750229685
755779260
758128816
765338317
766021171
766618195
767824085
772703730
778461046
795807322
797089074
798354078
803917994
806116306
810454176
816382160
833115096
834780044
838231867
843478024
848190464
849450335
851629795
858210462
861589224
864008901
871866799
874193635
874967925
878008842
903537636
903877784
908251096
911056365
911537093
914629910
915157478
928523055
930828776
931628572
942783184
945450514
947563476
952474264
954685298
955881141
959918886
960648496
964854669
971012792
976931541
982437079
983200960
985052825
986431803
986597204
988031241
988198049
988677146
1018630636
1022624960
1025132395
1025892152
1028462174
1033500750
1033532977
1035263206
1040452947
1040631808
1042293981
1049708776
1049955102
1054551236
1055557014
1059964333
1065893966
1066589325
1068037729
1068471124
1071002044
1071049917
1073516788
1079475393
1080576956
1087862212
1090881004
1097130004
1103237856
1110885833
1113726126
1118393514
1118544319
1128970823
1129387908
1133066900
1133328956
1136963686
1142158685
1143248721
1147613592
1152682755
1165027998
1168402834
1173314871
1183766463
1185657682
1195295231
1199737432
1203742597
1206185793
1207132206
1207511956
1216357396
1223231417
1223237261
1226577358
1234786373
1237100449
1238247349
1243820514
1251613104
1251794658
1263476884
1263838961
1273227968
1274915278
1279919345
1283032263
1287063274
1289413158
1290993496
1298757354
1306510936
1313977021
1315351553
1316945781
1318137595
1328520504
1333332123
1335308596
1339218782
1357744336
1368404067
1375675345
1380889181
1382987503
1392281246
1400948532
1404927442
1411281529
1411608539
1412310647
1413849180
1414813106
1421771653
1424226031
1425449426
1426680635
1429443410
1430522878
1432403404
1439400846
1444209701
1445168126
1448429370
1450627365
1457253341
1459405922
1471428778
1472983087
1475324715
1477274028
1485040124
1485738734
1487495614
1489376720
1489510815
1489888827
1491439051
1502143518
1502614797
1506900989
1509076908
1510275061
1513380722
1523584135
1523896073
1525076898
1525469280
1530071351
1530750245
1535968825
1536858009
1538862014
1543228135
1543799827
1549417898
1552481215
1553749517
1554421292
1563622358
1564026761
1564440178
1567326126
1569664446
1580858398
1582817958
1583516567
1583538309
1587194340
1588357013
1589307322
1593188721
1593469182
1594902511
1597146602
1598076555
1616934551
1618341809
1618727711
1622257968
1624460027
1630350885
1634868849
1635529240
1638692985
1647414141
