-497926897
-496811940
-490726804
-488005719
-486108151
-460415008
-456802588
-454234639
-448441390
-443726002
-433163197
-432455646
-430107343
-429267586
-428834319
-407496166
-402941185
-402428330
-401878367
-391866312
-386478130
-376194879
-364185808
-363930051
-363641740
-361054046
-353145975
-351946903
-337462608
-336157297
-328383463
-324317558
-316224829
-312516413
-306605830
-297685538
-287212694
-285283700
-281788063
-279761914
-278081271
-272088745
-270092926
-269400942
-269320493
-267147252
-262931128
-258963091
-251878030
-247399570
-244867123
-240915582
-236789238
-236495521
-229000657
-224749264
-218934346
-215658777
-209345118
-207178024
-204436445
-204318524
-196151619
-176441855
-169373176
-165609300
-159373117
-156556461
-155304020
-154499093
-149122998
-143342131
-140564954
-135582134
-129698031
-126846153
-125346147
-123367657
-115467377
-113919893
-113379142
-110263960
-101213701
-97830611
-97505627
-94410483
-94381746
-94354878
-92611715
-88232431
-85807559
-85411363
-79746353
-78510103
-74605966
-74377670
-72661006
-67970284
-62901642
-54337401
-54192342
-46226532
-42223727
-40386195
-36151245
-35248695
-30809637
-30506225
-30003745
-29539351
-21611549
-17524280
-14704330
-13361452
-8916059
-5786205
-5570375
-5229207
-3728180
-3642773
3702821
10597728
17253119
26169505
30133647
30664456
30856066
53586535
59401230
60888650
60982032
65905618
65960632
71275383
74042597
77801468
81327565
84464921
89407330
92841559
93429965
105998629
108405157
114820846
117519243
119125091
125554059
126852156
129037203
129582829
131160806
134539887
134742828
137265982
139030650
139614522
145860416
149989314
150381438
152964516
153338564
153426642
161313216
162156191
166098744
172636448
175954703
178055628
178565055
180221492
181501660
184900507
210308643
224091398
225935993
227551664
231498497
236067389
236673337
239693399
243346250
244287207
256281488
271701365
281050692
286552006
290452269
293934170
297640963
302793459
314379248
317939404
323293050
327357954
328636136
342743480
344252985
347022408
347489294
350181592
350844210
353015096
357576660
358012058
359156684
361362165
363438290
368916698
368948567
387790043
388093974
392240124
395465662
405199713
407957773
411765653
415024440
415470390
416900482
417821083
424425985
432821922
440207393
447253929
449635706
456265350
459208337
461018495
464868667
472341130
473939583
474015827
479047739
480549333
486917082
492896776
505599731
509415262
510437863
512146107
520205000
524152535
525151240
525975543
538504159
539277101
543625840
545353248
551406228
564213241
568594315
569983461
572137460
574636547
590774611
593637714
594413934
594544865
610683084
611905179
614398296
621298886
622981443
623213944
627403358
627570825
630977433
631206335
632815381
634368291
641039543
642333222
645851531
647178392
665583315
668622928
668979305
679695789
681867671
685030710
687048700
688287638
688344908
695887831
701501548
708767794
711511770
714181406
714403786
714828337
720001544
721857313
725775263
728198003
732867007
733893394
735201318
759064611
765966581
773721519
775302987
776541026
799009490
799557612
802830210
811302531
812496221
813402940
815023418
828120707
838107062
847870031
852003124
853093462
853162969
854648006
857277495
859364247
868888450
869529120
870033949
870175171
874112696
883478596
893054310
909648863
910922005
922706954
923366626
924071045
925853378
931651872
934419492
938730474
946641138
952102436
952959232
953111145
959249367
963939576
965597035
966953807
968261781
970487017
973903916
976257566
978332816
981562295
991451386
992071034
996280432
997503432
1004073230
1006718838
1014700729
1018597239
1019870163
1025078036
1026244275
1035887523
1037113991
1037961931
1043673258
1052460770
1056841844
1063321070
1068455069
1071580639
1074367745
1074950222
1076581320
1079642328
1081944456
1086165623
1090100220
1104666431
1109432971
1111725505
1112442734
1114849262
1115791502
1120950176
1125679695
1127250069
1129323172
1131930984
1138098093
1141141918
1150156438
1151621410
1153802370
1154516394
1160858419
1164560840
1166277066
1168783614
1181183502
1184456378
1189329105
1191751719
1194434578
1198176295
1200224406
1204432280
1204813330
1205476709
1206491786
1206505384
1206599403
1208660993
1216437861
1220746506
1221047510
1227333348
1233482873
1239428453
1239898311
1244525937
1259852465
1262433809
1277267962
1288591864
1296183350
1299288921
1299371410
1313277136
1313427938
1318595156
1319133654
1323907160
1327165909
1333639755
1338160984
1344934008
1350533107
1355251429
1359324279
1365043164
1365463985
1367986153
1368491097
1370103825
1372643733
1372690216
1392637993
1397725478
1398870879
1404521677
1405581103
1406242620
1410005174
1416388232
1424092345
1425488417
1427205566
1431499596
1432449474
1434794068
1436057684
1451042754
1455098303
1462751062
1469805386
1470811849
1474690044
1476967183
1490627747
1500447136
1501219613
1508970656
1512418362
1514375811
1514996387
1515346099
1519519390
1527200176
1527235856
1539164108
1554581379
1554866868
1560658232
1564131436
1568581540
1571487353
1575778678
1579424700
1580279908
1583098105
1592917919
1593399675
1601474491
1603109722
1605596509
1608991493
1628411393
1633768975
1636127859
1639767182
1643102574
1643776855
