-494888657
-488143709
-481961182
-476928821
-475691699
-472566910
-465250414
-461778992
-461204141
-456778183
-450196894
-447023058
-446080684
-445250411
-441297333
-438440937
-435267814
-429416889
-428067027
-424004569
-423258515
-421144463
-418119772
-415278729
-413391061
-411415700
-406287590
-403538865
-399054748
-394672997
-392559899
-383370186
-383004529
-380420880
-373354753
-371914957
-371741000
-371166225
-370392457
-367948808
-361535971
-356791501
-355714481
-354086740
-351755087
-346476042
-341293082
-340019173
-335254635
-334273475
-333119098
-328479026
-323172714
-323062378
-321209132
-317963769
-305140571
-304831253
-300390809
-300341031
-293978050
-293855899
-292893495
-292285378
-284746371
-283828306
-281171976
-280040411
-277683424
-274121641
-268867797
-267375688
-257680512
-241480617
-241001107
-237670917
-234129938
-212042099
-201409802
-197101321
-195228359
-188765185
-184500934
-183207991
-180749517
-175849411
-175446019
-173961725
-167996262
-154965319
-154913972
-143099296
-140360204
-135740716
-134040515
-133578459
-129476829
-125058362
-124822737
-121226301
-118750709
-114140813
-111192752
-106507164
-102895561
-102851169
-98178635
-97784218
-86601729
-85826458
-85283523
-79630281
-72499671
-71906714
-61511730
-59348405
-58393367
-53530221
-53243608
-52853177
-50464485
-37997001
-37679328
-31834467
-31270416
-21065659
-17958244
-14898094
-14170348
-12726665
-8663531
-4534411
-59612
2747163
5182588
6249087
28834047
37395954
42930914
47014966
49390706
57836382
67452327
79153405
80501211
83636194
89933005
91528373
101172535
101619678
102882275
103572391
105710448
123555445
130596853
132910899
147032682
147631553
156023217
157547445
160970573
173692713
178731256
189212017
192440889
198893931
205468672
209494047
219101166
219344949
221988237
227398318
227738960
229418301
230869865
232029750
234042663
241948404
243276608
243686401
245498983
249263272
252215681
263984511
268578170
277657555
283337617
293815180
311799988
313029063
313349374
317471017
322133477
334313289
334541524
338635725
341210267
341482765
342138842
351595781
354765888
355374243
357156636
366218086
368151925
368355927
370207404
392906114
398070645
401392559
404225604
420530026
442114950
443981118
446226342
446639290
447078561
450126000
450930725
454056406
462323851
462531748
467871408
470947591
474572717
477996927
480785025
488108315
489014379
489853218
503765189
508942726
523099178
532116872
537336342
543246140
544355437
545183213
548766501
549680269
552603943
558842991
558888408
560257957
562656575
563005743
564356361
567382527
570596609
571893073
574738699
577598679
591673660
596234499
605030110
619402766
631259058
631716322
634558259
645993302
649682440
649784969
658603496
662639833
667496193
669638254
677382783
678303785
679989608
681307226
684723583
693922243
699390196
705597280
706171217
707442250
709265144
720934396
724652934
738631596
738904422
744398829
748399586
760079625
766127660
768441445
770682045
770756635
774644861
779188012
781592711
789898662
805339006
806542532
814452641
820567490
821914502
822028814
824811923
836635741
842430204
846556995
847296982
851194141
859864504
861375824
861683675
868166472
872101545
875922117
877271979
884974895
888817127
892685105
896499090
901306585
913934471
915486384
919674223
925894493
926554166
937059278
946010927
948249563
948668442
959768711
960721635
962556248
965046321
965123001
965422691
969372592
972637138
979551480
986336079
991851080
993114668
993558904
998099235
1005152292
1005434297
1009424766
1011883742
1011968671
1018870633
1024327785
1026429040
1028050764
1035292851
1044320159
1049378623
1061221438
1067828683
1068219907
1073731309
1074086588
1074475409
1075589461
1081491826
1085635754
1087879174
1090007118
1093208044
1093434268
1094573920
1094706085
1094750142
1096023703
1100861593
1111086510
1122429768
1124035739
1126685856
1127459310
1139207596
1143626073
1152377117
1154393664
1160504048
1165426308
1167118948
1167483333
1174410909
1179218358
1179401288
1180522068
1187678422
1190361123
1192480180
1194152054
1194711523
1201868534
1205043488
1216067599
1221717312
1228347344
1230937911
1231037378
1234202745
1234857244
1240164229
1240457374
1243955160
1245157529
1247795150
1248838252
1260088947
1261158407
1274797312
1287049657
1288386723
1296457584
1298674342
1299102030
1303890337
1307642276
1308250973
1309827549
1310589815
1313346571
1314086792
1318498349
1321139321
1328518427
1332559274
1339004606
1344780121
1345179834
1349945786
1350340181
1350451947
1351207173
1353802771
1355146072
1367582456
1369291149
1371929171
1372248230
1374774517
1388401435
1393512778
1397543724
1398208983
1399334558
1405841410
1408979835
1419025881
1426215184
1426646055
1427316831
1428846198
1432323605
1438501327
1438892244
1446097954
1449408818
1453190513
1455040338
1460235550
1464411609
1465893326
1468339335
1472469325
1483215566
1489885431
1492645341
1493231105
1510648656
1510712259
1514235614
1524404142
1530791758
1533904874
1539091087
1539717788
1542424971
1548402637
1548662200
1553965402
1556369132
1557842902
1559365368
1571177774
1572769633
1594035706
1607337927
1617625093
1617888964
1621112276
1624309502
1627617285
1631105769
1632311791
1632360191
1632762408
1632950676
1635011576
1636520917
1640125068
1642015695
