-497372389
-494571963
-491141545
-487247102
-481101576
-476512945
-473433948
-465418178
-463633027
-460319070
-458182072
-451875040
-442698261
-437233545
-434605934
-434046020
-423504842
-422458967
-421234027
-416685993
-411216267
-408640452
-408295318
-387402294
-384863254
-378373003
-365050366
-361423554
-356465873
-351784747
-347623726
-345670260
-335336195
-333400827
-329878765
-329868762
-327072835
-307616955
-294206674
-294081938
-291770984
-284028823
-277795697
-277696296
-271586439
-269378348
-266893103
-264491865
-260683876
-255404010
-255152379
-249631929
-245151448
-244078000
-239146919
-232120726
-231792843
-216796051
-202062854
-200624821
-195216343
-192820466
-186983019
-183208755
-179898392
-178857581
-178798425
-157397312
-142431452
-141832645
-140732859
-135539116
-135471971
-127607501
-123039543
-122171221
-113223817
-112046567
-110517527
-109444972
-107997740
-105202431
-103898637
-102527872
-95754224
-94199919
-92928669
-91249876
-90552638
-84566192
-79213825
-71011002
-68349266
-65087024
-61671608
-60579243
-57018531
-56196891
-55773676
-48640753
-37298467
-23443141
-10838928
-4948180
-4411964
7199890
16600515
23068421
23183892
24212101
27311270
29949541
31074360
31532920
32477394
37534092
38046458
38315855
51137431
53995691
63691096
76803394
81054960
81677289
83941376
85511314
86246821
89417635
98903977
102164538
109566112
111786178
112146414
112725009
116108144
128052160
128957488
131354815
132677331
137218014
138155555
144766816
147415866
158885991
174071632
177515797
182668818
191483446
192572137
200575655
207467692
208055041
214668985
217573737
224116926
224589088
226976927
233620260
236896012
250463983
258462678
258761929
259657924
264376228
277200622
285327981
290144913
291066001
295631120
297895543
298792375
302172594
312658819
313372821
313995401
316793967
316868474
321968675
325248416
326586256
331876438
332014294
341414975
342530370
344422806
345297545
357368249
360431315
368378213
381814004
390771055
391202396
397686866
402819708
407605471
415914308
418316409
421922572
426216214
428089121
429358346
431038179
434472577
434924713
435368757
436917342
444328427
445748733
448581065
448609559
448952765
449982735
450349456
459688831
460615407
463116413
467460530
478735270
483705971
494270654
497239032
501772067
503010789
510667013
522576667
526493798
535015717
540686827
542528896
544682426
549077909
553500924
562633098
569030138
570094818
573566546
577736709
578448701
578835069
582904873
585922436
596950234
610556714
616773539
619452800
623289958
623914858
629885455
635342448
636358516
648047063
653078013
654374391
662445318
671146725
676475229
678523430
681545992
692948308
693212722
725057889
727685500
737516338
744079824
744754489
748741440
749550088
756451475
763270236
764732069
766083720
768535379
777131736
779495501
782415798
787534632
790190828
793079566
798160500
800589005
801925854
815842818
816790036
826943192
829317297
830016897
835283955
836429677
838542525
838660041
841664741
847909548
851777440
855632390
860240061
860335421
862809508
868999243
875094511
875321514
885027705
900251708
901445918
903581065
904496505
906613032
914003687
916689064
920111247
925175939
925507561
925628778
926319619
926632334
927032863
931344501
933453648
937781094
938010475
946613384
946778184
949305995
954452883
960187650
961665937
964749942
976333161
977524062
981640821
983334703
983713254
983978543
987184072
989428388
990582024
991771465
1001591855
1006819547
1010646561
1013839547
1021348343
1021509910
1023498221
1024148681
1026766891
1032452093
1032514970
1033950896
1036909219
1037694238
1045757909
1062976873
1065712788
1069516649
1070525691
1077914167
1086372417
1088505012
1096845027
1099207043
1101637402
1108037994
1111045177
1116590455
1117459678
1128008774
1129943063
1134100954
1139037470
1140319463
1142975340
1143587569
1144594350
1145112676
1148523923
1155212421
1155246954
1157768655
1159426937
1159834996
1166183296
1167058868
1181742662
1188671750
1195488549
1199949720
1210592379
1212737609
1215198283
1215597633
1219149936
1222547261
1224855431
1225490507
1229611585
1230719680
1233446062
1239246301
1243714214
1245350079
1247111604
1252872346
1260772073
1275477010
1275886333
1277455083
1278265424
1283271731
1291054631
1294928696
1300875021
1303428222
1303787151
1306096256
1306373221
1308445585
1310569203
1331932641
1332561632
1341048024
1348019430
1355673518
1360564715
1361025703
1372709477
1374253807
1386225365
1389405541
1394261683
1394495939
1402155122
1403169119
1403697118
1408617939
1411906489
1413233071
1414828612
1415500482
1423435601
1424248909
1426408450
1432738464
1439133946
1442163311
1442850049
1444842196
1445491362
1448244361
1454318484
1457451357
1459996078
1463580088
1467474194
1471500106
1475118227
1475701462
1479401054
1483805544
1491642596
1499586605
1500354058
1501167384
1514020471
1518002352
1518258432
1519593247
1522777168
1527058261
1529108297
1529794521
1530749290
1544824484
1546203546
1546711715
1548485203
1548693019
1548779811
1552061258
1562578533
1562947680
1565105563
1567718208
1581096453
1585397700
1592669976
1596589449
1598183350
1599734325
1601322666
1601464176
1612811100
1616226587
1620982406
1621129460
1621471380
1625903628
1633319999
1637663258
1640700713
1646339968
