-499187280
-493732562
-488310915
-488273962
-485475779
-479631110
-478708344
-474273030
-473507512
-472440906
-464143856
-462422485
-454980898
-454266233
-447870498
-443652052
-443527157
-440980367
-431303569
-420656027
-418816082
-411463149
-410039073
-409119751
-405501243
-405309958
-402408168
-401159501
-399982629
-394710129
-392170257
-390349785
-384895607
-362217667
-357798002
-353102942
-349310265
-346888303
-341390318
-331620358
-330172870
-321149383
-320346776
-317606274
-312309438
-310397809
-296285460
-288926709
-273308488
-259349337
-257617355
-255012303
-251848363
-248133608
-244996499
-244505941
-240803523
-239758181
-231286242
-227492587
-221797212
-211878437
-210900944
-208747404
-192828730
-191735533
-186260343
-181096966
-178907996
-176401906
-168865012
-153210970
-152739962
-151742984
-141155040
-139380127
-135591946
-134130112
-122560048
-113224340
-110679407
-108035827
-102346092
-77280076
-69464996
-63822406
-58872204
-51503652
-51344791
-48251158
-45445870
-42530750
-29591769
-26449021
-19666086
-14971656
-13468204
1165114
4288088
8724539
9509578
21534004
25655496
32787696
35314708
41624262
42824463
43013600
48543509
50362350
53946098
61324007
67519293
67634381
69455384
78327131
79286626
86629048
87760719
93357983
107799856
108080694
108128874
113105653
114979110
115464715
130110784
135766032
141496814
145720388
146068652
146485962
150659970
166752330
172917650
176297570
180919198
189172527
191397378
203680718
207309334
212378442
213370565
222527190
222812821
225321612
225938300
225987631
230264790
233643321
236416481
240031845
241636661
246491616
252252039
252261623
255465521
258457462
260708259
268038142
269751397
272076028
276358253
285341639
291449650
297984609
298790796
303531234
314835437
315481519
318690154
321145039
332235430
340331663
341395613
342087975
343464868
345211355
346588332
347401052
347922494
351352528
355629111
357292554
367561160
369035393
372587076
386457896
392461165
393148699
406181062
424459903
425241641
425725117
428254254
437525302
443346755
444051854
448248268
449298521
449744797
450644600
458680781
459221915
461501225
481528121
483861810
484562038
494507311
504479745
505021561
505083900
511055103
514739095
514876201
515551815
520999799
521672812
522225711
522577169
523915814
524314741
537905533
538565888
538741896
545730749
546901828
554233449
561237002
566181211
576446473
576783930
576993584
581479581
582657407
583502662
593280646
596734565
598158374
599617738
601342460
603257002
603374671
608531958
610465630
612150466
623344586
624460661
625325251
628453227
648277362
648396793
652317983
656273693
657516125
660818088
660871253
665915674
668291550
668687791
675424562
685887522
695180280
698872591
699002482
699412207
699477982
700955819
707042770
714566263
719405236
728238871
733283833
740551117
756806908
770940570
779639622
795307000
807723902
808971821
810412947
812017302
812158096
816378660
819123525
822191837
826456925
831122643
832101526
832700719
835632844
836919738
837333654
837506300
838064646
844069399
845646864
845875884
851881196
864488740
865843869
867697664
871373835
872088551
878544971
886052655
889274144
894039009
896889218
896962335
899578525
907912339
918393358
920014565
924802559
940955792
943523595
951617480
956935328
957835131
959662246
962354781
971267854
979721122
1008840305
1008845369
1008974119
1009495964
1023785203
1025520667
1030135241
1030180368
1031392060
1034315870
1034567275
1036410206
1045784020
1055843311
1057473105
1063098182
1067388735
1072887538
1087105027
1091645527
1091834035
1100346633
1113630059
1115527009
1121923120
1128993883
1137379294
1137690426
1146448968
1149885498
1150895867
1151380040
1156992073
1157301355
1158669963
1159715054
1162729392
1163034028
1164395158
1164968848
1169334386
1170897216
1179712650
1183086669
1191492390
1193625644
1198122011
1205477800
1208740137
1209833593
1214770667
1219958687
1223176619
1227024879
1237611038
1240060707
1244975315
1245578470
1246728635
1248184253
1251550243
1252645277
1253455370
1253863501
1257263252
1260672511
1261649533
1266997059
1272120880
1272128819
1272676308
1276782380
1277562511
1280674302
1286560994
1286786891
1289094626
1290827511
1294261376
1296292616
1298287032
1305192344
1308851982
1310006501
1314457092
1316702523
1318913651
1319446506
1320584899
1323193990
1329032693
1332296190
1336561278
1338065961
1340726668
1340915865
1345071134
1348055527
1348185003
1350313237
1353787127
1358043515
1358086252
1359241366
1362952868
1363288646
1367987396
1368015428
1368567455
1370073677
1374568409
1375300052
1376099478
1378652098
1387321243
1398342328
1401884694
1411022176
1412941302
1416908912
1422711262
1429353718
1429776390
1437780214
1444795909
1445017899
1449073415
1450501432
1450970266
1451297165
1453792554
1454678749
1458513989
1458886113
1470782611
1477618262
1488180139
1489487943
1489672802
1491245708
1502892231
1506386478
1514247644
1516146315
1520557247
1520864439
1520914392
1525637098
1532283285
1535876001
1537240050
1542609606
1551314536
1552373570
1556584931
1557673399
1559816547
1560620481
1564388821
1568516979
1571550985
1572866355
1589171778
1590558989
1595775919
1603679063
1604572432
1619017350
1619517472
1632229526
1637364606
1637713688
1639606748
1641804399
1643865140
1646583845
