-499164894
-483041452
-480407725
-476486657
-473111132
-462391477
-456146461
-452626508
-448428470
-421454690
-416602281
-402709752
-398744060
-393695610
-383070416
-382133269
-381973579
-378771000
-360148824
-354972124
-351549246
-344622727
-341519086
-341283998
-333180611
-332958952
-317635469
-308736170
-307296383
-304771188
-303119552
-302792332
-298767129
-292568295
-288834973
-284683330
-278270235
-274076665
-271864159
-265055248
-261455147
-259277002
-252304538
-243082929
-238680725
-231994946
-230296411
-227699146
-226585828
-222101892
-221969529
-221373468
-217408296
-213437322
-209969278
-202602061
-199385365
-195049513
-192652189
-186212876
-177940487
-168607362
-166439142
-163561182
-161877909
-157274589
-155349897
-148691875
-148087883
-145319746
-138857966
-128311807
-126751178
-116144521
-115670530
-113559623
-110072171
-107356832
-105865649
-101605839
-93039694
-92047512
-82693968
-82574260
-81275462
-79072633
-77978040
-76081145
-73729901
-72651313
-72455237
-65561189
-62585410
-60875671
-60788363
-60040565
-44710545
-40502098
-34497413
-33936187
-32151009
-31017160
-26740717
-26381203
-25352956
-17689409
-14835717
-13190829
-6580056
-5920474
-1314081
-181923
7249268
7681767
11227320
16300048
17554649
17785876
18127515
24640316
26360508
29088640
35170173
41785586
41839804
41966157
43117762
47673683
53064616
58863532
60622175
62882785
66031143
67535164
70642139
71000541
72184715
73964915
81613141
83110305
86025677
91545146
95335467
95978288
97779326
100317332
102390283
107652803
111905225
117645837
126101968
130942400
133615037
135521327
138913381
142708959
146387323
149895540
152111686
158154704
171496434
176414545
183689620
185128483
190366559
191119072
193770912
197974199
200447071
208019729
209726234
210082955
218259717
230747124
240636721
244386226
251885815
256297092
256675294
257109609
265228745
265692896
273330086
279523087
287760908
291437732
305308233
311202994
314533610
314562111
320639936
321269768
322815287
330887839
333447942
333764122
345635262
350818045
362412647
363007257
368398480
371158627
375351819
384943322
386722694
386921897
388474713
390666116
392686363
392820270
394912413
395830452
400967484
401035130
403547003
405045620
413333375
420248212
426275373
428340339
429119677
431362222
432119991
434270557
442330332
447283630
448559171
459525334
461255956
462517828
470699622
472751856
474821879
477419745
482092313
482345043
483499596
487552908
488825215
489346786
489939307
492066400
494585058
511337315
517764806
517847604
519900941
526438623
533663844
533881459
535004816
537160260
537357081
548332323
550819409
551470221
551984370
557509464
557679739
559751132
565991555
568989871
577729317
580083260
586414000
599376510
601242661
602519427
602623274
619484097
621237239
624165671
624252812
629408295
629691101
630207562
633103103
636292389
639703706
641469216
642559827
649785159
657774612
662103026
670118921
678084238
688024110
693588990
694089884
698286683
699132990
699136116
704779008
708215753
711296709
725870503
730541376
732810945
735688150
740909118
742307726
745313166
766885912
772132560
786472749
791457601
793021566
794800418
796732149
798546997
800032369
802774350
803287622
811149891
812765677
815609763
815985367
818711755
821182512
822328235
838137859
843789007
848442488
855389776
861749215
862119447
864360169
867347574
868552899
870066526
871995770
874321131
881663819
881891343
881989954
882679805
884904559
887258227
891476394
893248549
903496932
911728777
912194805
923422302
929801902
945776126
957199681
959986162
966472591
966673797
968245149
982058161
982453803
983625630
984342752
988445442
990344757
991196007
1013688192
1013733132
1016119062
1019294898
1024573886
1025814945
1030052992
1031186590
1038577222
1039954601
1040566947
1043786219
1044214989
1056332761
1064212247
1064255875
1064524615
1065112737
1066837812
1068359351
1068736785
1080570635
1088224235
1089095524
1090021488
1091983151
1103287162
1115124551
1116125919
1123142241
1132026381
1132461428
1133899212
1134281141
1143822716
1155147265
1156941154
1157997071
1161232856
1163193566
1164234928
1174861559
1176314967
1190344560
1192428879
1192768322
1195624444
1196380990
1201226617
1201751963
1202711058
1203203836
1207248474
1212256064
1212343413
1218300033
1222931479
1237487990
1237736609
1243390078
1250938460
1253823101
1254840560
1257228232
1258015831
1259762165
1269234029
1281114385
1282407516
1285767274
1290046038
1296738819
1296871044
1305096340
1305389324
1308722925
1311898279
1323889058
1325749445
1333463148
1343114083
1352106897
1354354071
1358390073
1358468743
1363283447
1375472337
1378779232
1384130973
1398012073
1401670975
1403916564
1415977652
1416226582
1423296046
1424209864
1426364558
1434944277
1435900440
1447288165
1448286046
1448852474
1453923366
1455680321
1458193749
1459168836
1468162037
1473231035
1483549282
1490241521
1492287262
1509151602
1530677367
1532094322
1547512612
1568594179
1573547053
1578377300
1579212406
1584968318
1586894289
1588040181
1591473245
1591953261
1593601200
1597060396
1600705599
1602155512
1603802726
1604203409
1610089143
1614790283
1620509868
1623690075
1624767121
1626964169
1630518977
1633480311
1637182280
1638551995
1641958217
1643290918
