-499401728
-494812074
-494470079
-493871807
-492648362
-488846707
-488711284
-487922885
-485859915
-485211114
-481359646
-476018858
-456276041
-445038776
-444656492
-440707233
-439490191
-431528643
-415456486
-412079467
-410984393
-406155408
-397384192
-394384303
-393885188
-393446676
-386999055
-386762972
-381727791
-380670651
-379371751
-379310172
-376528512
-369921101
-365142107
-360028290
-355708533
-355609096
-353366949
-344134449
-342513831
-341626343
-339038574
-331386056
-327849318
-320802914
-318897370
-316734505
-311202909
-307058902
-303353193
-302654203
-300192314
-295437638
-293187585
-276231054
-261539926
-259377733
-253229919
-252409975
-250599304
-249549780
-248395024
-245516131
-241756216
-239690568
-234146708
-233842495
-233606138
-228753204
-227673071
-211595015
-209711355
-204750301
-200306299
-196176710
-193264773
-190979091
-186378142
-181665944
-181552404
-181543626
-180743865
-176524049
-173274293
-173061551
-165212021
-158292044
-156237353
-146398993
-137284137
-135906245
-133780191
-127311341
-125956272
-124225180
-122934860
-114817359
-109958180
-103075951
-101418037
-100028473
-95470521
-95363793
-93858025
-90819878
-87106226
-84766759
-80699790
-72746092
-72343104
-67710034
-58117250
-56302212
-53914658
-45219845
-42431381
-41656788
-39059060
-37532142
-37152722
-36943271
-28767742
-6624824
-5438774
-578127
2014772
2669382
4114740
5716182
5921280
25157728
31062316
39703616
44743688
50842736
51890427
56228159
61111144
63607700
65165056
73880343
76786889
84613879
96724291
97282143
98297049
99681755
100615882
101455715
102030241
102812065
102862064
108940258
117002149
118284247
118951209
122599011
131576128
137546316
140448251
143431140
145149743
148551676
154489473
158766549
165642766
166365389
171342324
173245471
185079443
197625547
198073168
199939426
201516803
201600177
207140596
209965265
219945231
230305082
234114124
235160546
237717142
244577073
245103044
248935142
256846536
259667753
265112101
268413350
285001598
285599870
289322305
291728063
292631694
301702175
304978625
305109465
312305151
312819061
321116978
322074328
326626896
332270271
334454790
336600652
341713871
343052171
354978818
356850448
358625655
377536365
377701099
378015685
386809028
388261368
391996954
395934032
416396539
417668191
418932349
424180198
432497589
438210908
444271467
449106828
454621952
461783776
487117839
491147323
492853885
495570646
500037679
501640071
502820858
505412146
516032603
516985586
521423504
535991831
541873295
547461158
550903244
554646269
557243531
557250374
567458454
572721954
577821258
578923888
581263294
593066272
596624394
601452114
605127873
605390048
606957913
607508199
613879707
618624031
624205528
639860016
645241056
652433398
654283166
659184315
660665277
671897639
674389516
678454620
680545049
686722008
689916623
690606520
690929943
693648897
700963045
714506457
716075102
726658244
726756562
728126961
735733755
743499007
743510826
748702930
749344845
751763173
753560781
755421616
755710412
757650405
762838332
766222862
767548056
773817740
784451112
791316052
791691648
793678161
796890473
797284741
809877591
818304232
820169560
820601154
833235368
836040941
836228789
837122994
837562994
837613397
839115816
839555932
839837114
839912188
839965130
841805817
847326520
858361254
874789482
876195377
882693768
895926865
900668322
903102804
903399553
904041098
907701691
907979150
908187342
908767035
910967840
912322407
918612548
926564249
927291587
927476465
937065016
940723714
945598335
948142493
953074143
955736291
964901844
969127203
972418682
972861037
972914890
975909349
982895489
986370746
994166907
997913038
1003828714
1005099400
1007585960
1015837756
1026589189
1028038714
1031348307
1033406399
1038762198
1038995550
1041383586
1042559584
1044527492
1054711285
1055023698
1057743796
1058054977
1061351988
1061465532
1063339278
1070690917
1075428637
1075641233
1083209925
1086491161
1089331271
1089382190
1092955243
1098449618
1101459305
1101794144
1105743060
1105911382
1109668205
1114406078
1117580704
1118263416
1129204998
1136466005
1136504809
1163412236
1171393209
1177250083
1182703175
1184934400
1188497765
1195284167
1197990336
1201231225
1201256485
1203682204
1208859409
1213645071
1218306249
1222976425
1231294189
1237592008
1241431015
1242066855
1242368356
1245525599
1248976412
1253962506
1262074189
1274151304
1275700356
1277251580
1279005744
1279445744
1283913481
1288032980
1291840293
1296259998
1296821985
1297450999
1304667896
1307784549
1309325807
1310630419
1322870096
1340189345
1341796056
1346462411
1353250314
1365175278
1368039177
1368198232
1375585656
1388948122
1389050496
1396419241
1401221098
1404992226
1405478896
1407103341
1407665327
1411679529
1411773516
1415427315
1416099732
1428902628
1432016944
1437732992
1440243325
1444404424
1453430852
1454797002
1460822405
1463506189
1464095291
1464529334
1465252459
1473281840
1482971202
1486992705
1489138437
1492787395
1495784967
1505481206
1523666096
1529462348
1536640305
1541271316
1541428991
1543407020
1545035938
1550927522
1559046549
1583044115
1583505886
1590049692
1590165202
1591112714
1595370228
1598901230
1601391539
1602686799
1604160606
1607936733
1612600424
1624932916
1626231948
1634379799
1634937544
1635909563
1638416219
