-495296739
-494114597
-493755733
-487719159
-480087891
-478443465
-476307247
-470933804
-470041260
-465328522
-454456959
-454307345
-451462635
-449330096
-444447261
-443444693
-425634164
-422825948
-418610682
-412401954
-404684898
-402312452
-401527924
-396959223
-391800429
-389615241
-381931605
-377433774
-377144852
-376327358
-372997231
-368865082
-367000483
-363891274
-360716390
-360230508
-356894846
-351545045
-341489541
-338658907
-336388564
-335769386
-326831198
-320606521
-319139985
-310218729
-309988150
-309208423
-306065681
-300551344
-299821414
-299454518
-291331114
-282562874
-282088072
-259471883
-240356746
-240163807
-231566531
-230862887
-229196132
-228887794
-227283102
-216736620
-215067998
-214541564
-210398398
-207873778
-206261553
-192150334
-183991265
-181047674
-176671830
-162003437
-160070103
-159635078
-159629000
-158758868
-155550721
-153650219
-136874230
-135714519
-133278980
-110956110
-110804939
-110392255
-108123210
-104975014
-100820549
-92437559
-91548148
-87728267
-86288537
-80997370
-79906239
-76627447
-66069008
-62267574
-61941452
-61148508
-57078645
-44257806
-40947834
-40189814
-38430757
-35454328
-34020647
-31500545
-28538897
-26442145
-8281145
-7795497
6104761
6186597
7691807
8628686
9117951
24664938
30909205
32712899
34723094
34981944
36266941
41974653
43766403
47137131
47674609
50123007
52002148
53357351
54642127
55210059
57091835
64065236
68246245
68343587
74039031
75389906
76531720
76816085
77561920
79826340
80093167
81267354
93798485
95570469
96839492
96854269
97114271
97259713
107024198
121725496
122466732
122809776
125838706
128157108
130842734
132404907
134006337
134746669
137536991
140897100
146349722
154130064
165913642
168520373
169936305
174857296
183058332
201557635
227452810
231087791
238696251
242986242
244188040
248348781
251798873
255230881
256597020
260461088
263513893
268791727
271273724
273289948
275570078
276888313
301424465
302240166
307317863
310138237
316897926
322206757
322751182
325385651
326674410
328204041
334715773
349420462
351817378
352338728
362781841
369312367
372132323
373880493
389476539
395183630
397170643
399750821
404810205
408644219
410334458
425446765
428323844
429512780
433585222
434652768
441321103
452195445
454969392
455116244
467169666
478569285
481140139
483944357
486714501
488974500
491567488
492374553
492454438
494088726
496056866
510952254
514195942
515780697
516547820
516686261
516743196
530574263
531822345
533279369
534122024
535583887
535911758
544912108
548325795
551458210
556765972
559769698
561133366
566468643
567694843
567975606
574365494
575537070
580052485
581860225
599618211
603262652
606346250
606799506
607273872
611365280
611644724
612757939
619003344
619115421
621176162
621229726
621603596
626424365
627337328
633502101
661592428
661898989
667386851
673399558
674777187
675666899
679752024
683030288
683214986
688626397
689537821
701269245
704697428
712799500
721562080
724753426
733776831
735317366
738115634
739653497
761909925
768126462
771087107
772640120
775017691
778435963
786144300
787809038
790323434
809724803
810235543
814362116
815009192
818796366
825578271
829564051
835810523
836155055
838724334
840146328
848786142
851696397
851886071
857948989
864362196
866265803
866316984
874025786
874171972
874779719
875351674
881687171
882202074
893365756
896401108
897130895
897663952
910324294
912708414
914595708
918919724
919046976
921555102
928078872
931226046
933801947
934507817
936358784
939948810
943192550
943268717
947942032
953140893
953999071
962088512
992607431
999261942
999882565
1006222283
1009469614
1011943271
1012309403
1018458425
1020070205
1020368525
1025588252
1025822373
1029687969
1032474592
1038583819
1044410708
1049703273
1058614705
1058717849
1074198309
1074968061
1079671322
1080588119
1084820947
1087744292
1089029900
1093210203
1099941194
1106958923
1108027448
1108700995
1109246309
1111978951
1115101078
1115886808
1118197447
1119056183
1119466385
1120617397
1124488501
1125679366
1130638306
1131720201
1133879882
1144704928
1146294983
1148125979
1154057544
1156178931
1159652136
1164206306
1165776233
1166905941
1167779026
1173196883
1178100153
1182397880
1187076683
1190707696
1191405116
1194393250
1198235852
1198413270
1208904255
1209145655
1210548929
1227248218
1234545178
1240381227
1243366362
1247095525
1248902272
1256350266
1262053408
1272014170
1276902102
1279083769
1281656802
1285465889
1291432218
1296562020
1303982799
1308107091
1326824498
1326881433
1330715463
1338149155
1346456154
1347314695
1350318421
1355733201
1358460576
1367066940
1367598076
1375695676
1384989900
1387286861
1387913020
1390156352
1390395324
1392995554
1393132054
1393523136
1409640469
1416550662
1417396068
1419871844
1422967659
1423846423
1434660571
1435064918
1436985820
1439673269
1451587706
1461023722
1463558589
1463638900
1464602000
1472551235
1491411793
1499966751
1504513906
1511793178
1518039385
1527243843
1531548195
1531693013
1532901470
1533922938
1534298502
1542270719
1542385634
1544192708
1553605514
1556101002
1564944181
1577917770
1584841805
1593565527
1605179679
1616462405
1616926763
1620838099
1621312901
1626972632
1630947474
1632653736
1637339279
1639011150
1641334625
1643032379
1644479922
1647008846
