-495845493
-482237879
-481469213
-472080023
-469803013
-467923437
-458235419
-451555774
-430287700
-426451346
-425972761
-424429347
-421049108
-413268118
-403984525
-402765364
-400139666
-397383701
-396469539
-393594812
-391641598
-387235350
-382437636
-380204617
-377563838
-372737162
-371700892
-371090912
-370964150
-370874267
-367792710
-364392976
-359033051
-345447338
-344529718
-342572739
-341302426
-338931915
-338440036
-333309676
-330000639
-325093224
-315938140
-315407676
-313250388
-298709118
-280919460
-277117621
-274486950
-270770061
-265630044
-254675825
-249512919
-249314282
-249007088
-244250759
-243538087
-242948010
-236307567
-235925603
-225350387
-225076101
-218385253
-215727606
-215637019
-208686957
-198287862
-186442677
-186001320
-182690637
-181780655
-173628649
-171080683
-170253987
-168841324
-167871367
-158341438
-157147770
-153572791
-141644328
-139652791
-135732072
-134081613
-131826705
-130045523
-128872996
-128087736
-120387185
-119915485
-119477707
-117969951
-115221594
-111012723
-107880135
-105723653
-98358051
-97968960
-88246197
-75999566
-74870296
-67588281
-67223460
-63953148
-62187425
-59892890
-55082921
-53384943
-53216675
-42418155
-42155284
-31028919
-23400574
-19206119
-14697543
-9872673
-3713985
-32939
4271729
5035157
11065331
14816802
15091869
18658167
20179107
25045758
25410980
37638065
41911626
47533378
57442179
61887361
66724200
67831290
71761195
75019312
83876218
102794391
104898534
108585021
114439959
124988591
134680372
142043526
145996467
147694017
148092610
155783752
155911703
156003289
160271809
161583119
163240380
169497436
170105581
171748726
173640884
175869134
178183082
202544601
205231242
205805169
206313562
208445355
212356213
216029720
224062422
228099628
230030528
234425899
237968487
239540323
243797882
245250009
256425528
260014823
260682697
264104612
265654974
274528421
276123030
276479443
277524429
281054723
287764786
288077993
289346735
291203249
296579421
297089569
299089197
299617071
300532362
301515864
311781744
315121024
318213828
322171165
323180370
324050098
333061270
335430406
335708193
340531303
341463221
359154317
364476708
364917388
369071896
382926095
393219053
398179510
405023795
407865037
409405049
411354012
413419757
417332361
424589007
425627158
432619125
435462697
446462361
450470273
455896138
462469584
462878423
476039196
484497148
485734020
485740179
498561653
507481876
519583234
521667946
526261729
539359043
553498095
560085833
565720985
566043960
567502996
567798352
573222314
575440469
585971137
593277163
597928363
599851260
600852599
603302035
606500198
607070460
615471156
617160598
621435866
623458793
629355779
631672477
636510043
640099338
640484230
640488462
643910377
644346489
644586996
645338353
647055595
654076758
658380960
658971270
660946861
666806922
668712296
669023610
672657018
676825443
687982634
699194480
700832829
702400060
703715534
710575274
710623369
718783408
729506712
731806021
731941367
736017247
736614249
737907318
748251864
749000013
749020021
749397943
753667785
761460686
762059300
764365927
764382014
764956145
765887534
768347480
772274354
774239761
775451975
782503951
782834047
784198764
785546088
790309093
796146593
796658550
800241002
802471341
806964213
807657207
809681766
819796178
824180260
830274305
833985116
842047321
842342355
851596634
857034179
865851733
868002535
877284180
878874268
880595288
881501676
883709005
887811074
889312545
897849618
898496345
900690998
923098250
926201367
932653720
936354184
939710616
952127693
954271765
954711260
954872949
955370777
957361379
965769647
972119602
975307118
978003685
980414128
983604113
991014205
992002807
999423174
1001914588
1003981086
1013349591
1023278995
1024780178
1030382488
1030620113
1033328002
1033653506
1035658494
1040150614
1046422282
1047891198
1055368808
1056858223
1065289215
1073224404
1085274183
1095859505
1104900311
1106666707
1108543242
1116585254
1119729692
1122741394
1123783060
1135769009
1140915416
1142992283
1154033576
1161738349
1162570742
1166161465
1169059703
1178014429
1178242372
1185350990
1188160067
1192162998
1194257754
1204503841
1218000361
1226144574
1227671061
1230663304
1231979652
1232575292
1253663547
1255549858
1265711652
1267677883
1274443701
1283988993
1301266993
1305502110
1305892655
1314125115
1322160049
1324067505
1324792591
1325540498
1326253288
1328468707
1336565277
1337078613
1338877289
1341498340
1341512783
1343427955
1349711219
1352789121
1358977907
1362584353
1363074015
1369300062
1372581555
1382842265
1383134070
1386996773
1387449935
1393122308
1393605216
1394379305
1395172448
1399664252
1402547395
1405265732
1408658321
1415816260
1423178625
1426338433
1428869587
1432786316
1433898900
1435470027
1439010228
1441934805
1451564622
1454258411
1458002810
1461555832
1470346584
1479140742
1479345253
1479405934
1481622242
1482952893
1483568204
1488514997
1491613941
1502594960
1505554094
1510817118
1511819229
1512770337
1514702939
1516704564
1523832559
1530744038
1534658020
1548147525
1557303251
1558296145
1563720584
1563952847
1567195931
1570742722
1576067502
1579153931
1579655829
1581923244
1586698633
1591527851
1597531396
1597759759
1600131235
1601595727
1613739534
1620235025
1625041851
1628330797
1637609814
1638626742
