-498672686
-497776320
-493802694
-493687062
-486377280
-483763144
-475410601
-467597039
-463805463
-461259916
-455130343
-448971768
-437959172
-437544691
-430513194
-429782290
-424660843
-420105018
-417624438
-408056320
-405905297
-404742043
-399100774
-386640261
-381146423
-376518435
-375023462
-371028291
-364287358
-356512680
-354975470
-352924143
-351121037
-350532975
-349795391
-344023334
-341444917
-337659846
-336483906
-333135586
-332240904
-316577158
-316004048
-315412400
-292787518
-288812811
-287384856
-283038910
-279217863
-271142505
-263077808
-257668552
-253084363
-244979577
-232225216
-230912582
-229267639
-225794245
-223003701
-214765100
-214513173
-200048367
-196490201
-190771941
-189519924
-189247229
-186039718
-185696633
-173338603
-169284122
-161688587
-157826406
-157568434
-157120706
-153107963
-150219152
-148240418
-144021846
-143091066
-137018823
-135699030
-128079187
-127479095
-127171613
-126653475
-123965961
-121774682
-116255900
-116080570
-115567904
-113928499
-105623075
-104220487
-99070842
-97789506
-90046617
-89977749
-83852939
-77389399
-66537505
-56296737
-54768865
-53735688
-45312149
-40184229
-31997856
-15791219
-13227922
-2323749
1965932
6268964
14537398
15408133
16417225
17852917
19042420
20097076
22234841
22614531
27549425
32315483
34068270
34668695
35684622
48003477
48704483
51133767
56458502
75074150
75723166
78758281
79664389
83342656
90646759
91192129
97519975
98536975
108997894
117489103
118364292
125446212
125550959
129801958
133962436
136818131
140146876
146013819
148237500
153458030
154130780
155140735
161593733
162498958
168703942
168811896
169511089
171050425
181744553
182484392
183968233
185590510
193143361
204701658
213657923
224128589
228503067
231706112
235383438
240754300
241287469
243531189
245622274
248154826
253386739
255668711
261158855
266084866
268351526
272913337
274188464
285663789
293561262
300964437
302322735
303640643
307311610
318870347
323818133
325888210
329328617
329478142
335459168
342561651
347115734
349139480
350559689
351698444
362446230
364182409
369882034
371022776
371451454
378592685
379245610
382554496
388642165
389763751
406307405
417136916
417698599
423672702
426385023
428235854
429252854
435052774
442592584
442707678
445669195
446201521
451420003
455698428
456190573
456993413
464334366
464930059
467156737
472173205
472745662
473500519
480470280
484241458
494438513
513361605
513603265
519087561
519951614
521547187
525681162
525720831
528469805
530241485
533030139
535147769
541852428
542390915
543935262
547666716
554874425
555692304
561289436
562193551
562226038
577502346
580396135
582746320
590179343
591570548
603569266
604978356
605841970
608392379
610172751
610192496
614655041
621271893
626130520
635664394
638647299
639080570
642973688
653832431
655075885
656832768
660124307
669168482
670364994
671211799
673877065
676118808
677352142
678458834
680548053
681007455
682021421
687821693
688334359
696228901
698409115
698827223
698892568
701637283
706537041
717125103
719837709
725154565
726668045
729189198
730487870
732820303
738722987
750624243
751650755
754510183
754609644
758463193
761563406
768182125
769177287
775704251
779199044
779576992
782107186
784193092
784833622
787567360
788259743
794641371
799180488
802933246
804322461
807530127
807881161
813774993
825056986
826424666
827380824
828484375
830637894
830704386
832184553
832205733
835146861
836338406
837912767
842983222
843581385
846315470
851914678
858711291
859934778
861442254
863052712
869926643
871374322
874956156
875680186
879722718
880224854
881412018
882689927
891371063
901192288
912378282
919727260
925177886
926719136
929400256
941698162
953663885
964711615
974717082
976181689
981737282
990570071
1012376226
1013858630
1022308710
1023258460
1024787310
1036084585
1036267976
1040962543
1042441990
1043531308
1056437063
1061390292
1064572433
1069712273
1071126558
1072549922
1083008018
1085713770
1088295330
1104186317
1115038633
1123268773
1129652234
1136688350
1138217081
1138667081
1140811776
1145580077
1146072525
1164850881
1168190313
1170332055
1172743833
1174254335
1177529931
1184576615
1191924372
1192510436
1196888555
1200285075
1202615687
1213267569
1218412058
1228831552
1233158364
1239788697
1249512067
1260786527
1264712022
1264926102
1265750108
1265830662
1266234353
1268761428
1284509991
1285608928
1290697636
1291020107
1292347421
1295560876
1304836817
1308158388
1310189693
1310809413
1312474618
1312693156
1315740254
1321635630
1325734078
1332692428
1336036218
1336239023
1337421398
1337872486
1340734193
1341893624
1343964413
1347020747
1351269716
1354740157
1354922210
1355059350
1357146255
1357488708
1359374850
1363408186
1364495970
1371063223
1374464008
1388843505
1389891669
1393799435
1403934452
1412033022
1425184294
1425471845
1426259118
1432897883
1445946470
1459551027
1496487773
1512709439
1515891434
1521868438
1529050586
1530357376
1537778766
1540161628
1540735847
1551236935
1558711301
1561434839
1562456906
1568829836
1570504860
1572494246
1574235575
1577462466
1577538684
1578568714
1580134029
1583535042
1583584567
1586042911
1588597035
1591259446
1608429990
1608945569
1619410251
1620037472
1623827575
1624305199
1626305349
1631347733
1636544485
1639843865
