-498897442
-496740426
-489763857
-489431419
-480469660
-479627540
-476976777
-472838052
-471754650
-467944751
-462398920
-460318885
-451817970
-448622906
-446682882
-436000165
-430318062
-428822651
-427489788
-425638933
-419095367
-413865044
-410182849
-405858333
-403203271
-398766412
-395305788
-389216941
-386291889
-385996783
-385715727
-383658829
-364394458
-364121669
-358890853
-358782760
-353300050
-347919330
-346645754
-345162171
-344591329
-344439273
-342614838
-339471510
-338926737
-338358837
-331378814
-330693059
-321892190
-317137802
-314217930
-313379831
-306439849
-301831237
-297596539
-293848286
-281038733
-278733851
-277241276
-276373057
-274340915
-268575072
-267222293
-263948932
-256479882
-255479158
-255306569
-252882151
-251962192
-251367999
-250197246
-250185053
-248365442
-232197094
-230755051
-229317934
-224487804
-222275958
-218129804
-216691906
-204430722
-203956367
-192347110
-187679059
-184510092
-183205082
-175281801
-174245888
-172022227
-163880860
-162606256
-153785778
-152842087
-144216983
-141475941
-137675440
-135736505
-133368567
-129156735
-122241373
-120444329
-112549701
-108217274
-101412151
-96785665
-94902801
-90321029
-84241589
-79058500
-78204293
-77400805
-74996412
-74468007
-73260189
-72185250
-68486516
-67968150
-67019189
-64836041
-33575135
-30746825
-30123427
-27170946
-27150569
-26570303
-25412317
-18251723
-12786266
-10766786
-5836911
-3695291
-3373321
512357
518687
5977892
13919737
19598524
20634524
27802444
27863082
28914330
32602686
36956384
39679286
52074118
59116339
59294029
59661112
59789397
60268810
62101767
63528385
74321047
74502632
76568360
82762612
83914840
91765190
97934441
107776205
110785658
111184285
111350200
119529005
119573249
121413508
132690020
141344642
141783500
142962632
143258601
143291691
144320108
158164739
160527618
165832984
167520455
167929907
187610651
198837384
207611022
212888001
234008277
241256803
253506841
254559859
257267597
263099396
264636968
286184846
293763283
298925615
300188068
301894924
314885481
315764254
318454484
320928409
322996230
331394613
334931474
335294594
343397981
349030104
353346743
353617194
355043434
355327850
364204898
365196188
366423704
369886608
371157613
374521679
374552420
375842648
379485225
381540440
381767982
383288402
385401992
385865484
386297855
387099134
387956135
388319401
390616315
391506158
394173579
394239479
395225404
402222854
408876800
412153500
420613040
423466564
428330524
428333437
429586349
431615092
440095570
443156779
451635766
454465751
462364386
466731162
467680831
474373440
490703265
494283880
496152581
497055619
506008464
508367434
516895651
522847362
523804808
524954765
525295279
526942696
529173375
531800411
531965771
532762567
533464118
538697141
539413136
562995586
571416686
584157455
592277547
593110469
606712802
609997166
613339341
616497687
618777451
623301420
629483441
641181724
644680264
647040546
649844607
652635287
664322116
666321597
667272188
669134623
681682319
689569808
693575951
702937256
703515821
712757121
726788731
728470537
731935341
733602551
736525352
742176346
744389544
745492102
753730567
758134425
764770702
765853526
765864563
769314997
772662310
776036054
776756500
779205165
782182115
786022205
791533737
795658605
799046654
805050567
825410389
827257254
829181493
849936340
852242165
853424395
856475112
859264011
859595086
877559623
882637264
883225303
883739822
894755390
895249456
905927950
906440071
907963890
909166492
913879550
917778613
918555510
921107447
927916766
927953812
928654227
937021885
946232785
946404003
948060565
952442717
954129622
955512935
955695712
964524495
964913539
968117975
968981635
974478135
978295982
989781636
996115557
1002999438
1004672143
1008957567
1019754950
1035034256
1040231841
1041000817
1043740085
1054532506
1056407494
1066478772
1075681506
1078621650
1085110462
1086732094
1092551965
1100141235
1101070327
1108109671
1110884791
1116992515
1131885930
1145363444
1153272447
1153385958
1160532797
1161951719
1165314789
1175786687
1176058929
1177531678
1178308998
1181701618
1186870712
1193530416
1199038999
1203550743
1210771725
1216482406
1226491028
1230471590
1235435136
1240058765
1242248537
1245210704
1247612840
1248373257
1250117287
1252591540
1254006904
1258281187
1265269268
1269586257
1271731418
1271747454
1274858888
1281680180
1284837010
1290062147
1295975934
1296955395
1310853928
1316093525
1316591375
1316678978
1318342350
1322118738
1323825828
1330563085
1331688183
1335620064
1339702201
1341091210
1348282097
1348639330
1352147307
1355992525
1362169890
1362231022
1362251808
1370970355
1371867786
1373221062
1377127493
1383956646
1390952442
1394628950
1394688565
1401123006
1412944004
1415968035
1416253660
1416299164
1425526474
1442339031
1443781300
1452210677
1453380895
1459664885
1466925235
1467520768
1470943249
1480804697
1484811291
1487318346
1495559970
1497516225
1497992256
1502309990
1502729196
1502754308
1505386622
1515998544
1516903283
1517938568
1522696818
1528059931
1529051171
1537656861
1539856238
1544977271
1545853916
1551904706
1556595134
1563935892
1588462759
1588510640
1596088760
1599095564
1605578928
1606487761
1609937400
1613229714
1618666133
1622544682
1623023919
1623798295
1625598458
1626343836
1644372213
