-499943828
-498394198
-493420159
-479274083
-469371050
-467451570
-463028240
-462013680
-453134527
-426909715
-425383082
-419023584
-413125754
-412311609
-412125508
-409184520
-404655895
-394348003
-389706370
-385680701
-368276931
-366662054
-357266334
-352349329
-352106435
-344367290
-339608798
-337508590
-337255025
-333817006
-314674118
-312513917
-308985141
-302595563
-299747605
-299523027
-292930794
-269041037
-266908978
-262336464
-259377758
-258117696
-256027335
-254694838
-252071925
-246424170
-242401335
-238984217
-236163250
-234303314
-229821038
-229348115
-228808663
-227686593
-219960601
-216177349
-213342220
-211853450
-211790586
-203433919
-198789126
-197272608
-183412700
-181869805
-180821120
-174931358
-171556323
-164469186
-158003682
-154721738
-152003921
-145244049
-129107188
-117601467
-111773298
-103951430
-101060469
-99784680
-97578956
-95303156
-94878578
-93556923
-90996281
-86827782
-74429219
-74196280
-65436019
-53381843
-45315384
-36077849
-32761106
-31855970
-30192305
-28670389
-23828414
-22587863
-21996116
-18940005
-12677740
-8319697
3915427
4830841
11332670
12518694
17681212
18469860
18794461
20307084
21319433
21581295
26044933
38374954
41598266
44256446
44925281
58121172
60243803
70219457
75884371
82908795
87705767
89145152
89993714
101902703
103344378
107438234
108538141
111691078
111708589
113692766
113870692
114318431
120035573
125853407
127980035
129311074
130444973
131944837
132980728
137332659
141900527
142560061
143551406
145699475
151025741
151892188
155074350
165172476
165436123
167961609
171723872
175223915
177868206
183586264
204143734
205933122
211143892
215783947
217731864
218985732
224093979
231252814
236173702
239314973
243933915
250325646
250417124
251994488
260761835
261970143
263372247
265645234
268792167
270435682
275924333
277422545
282070222
284642806
290272465
290328637
291017981
297639989
312227480
314191483
315657641
318837669
324511443
333050679
340359617
342866961
346238380
351179724
351272453
351723011
359586793
368312500
371323955
372470710
377271861
383597858
396454818
408654820
414429708
415136302
415671119
422707118
433633334
435704586
439452937
447186516
448966596
451848653
455513616
456292373
456399287
456532303
460014843
460138706
460264862
461671582
463155046
463614831
467124891
467851889
481626487
484158276
490738117
491571080
493879800
498566238
502395888
503225617
504001690
507527539
509957927
512395799
515374957
521843957
529979867
544017518
546340598
552472907
553205362
565569095
566588368
569843777
578339829
579835108
581284005
582304542
584695281
587848999
599046294
600017385
613092953
621513477
633758845
634836521
635020495
636442324
637623530
638588921
643534619
653959982
656876260
657851492
659581739
669112570
681009749
686767066
690970592
693229728
693490454
702327684
704594734
709330040
710812207
712715547
722125880
723662586
725184530
725581962
726497232
728902165
729667676
733500732
734806168
737455593
741850727
746701053
748221310
750249739
755532085
760048331
762658743
765971630
769698377
774466871
778816802
779368786
782812910
792870783
800802740
805437631
805848241
806393160
807137186
812935358
814339056
816826315
819968966
824056917
828226688
835246107
843072975
854261664
862664538
864109890
864979800
865446563
868626047
880189259
885367623
895085159
895141331
901751969
903910335
906400619
910627421
910784446
914130183
915590277
920955594
923379813
924061614
924098174
925253502
927253737
951945165
959165935
965209411
966164434
970373109
981008852
982635233
983911023
989338019
989795810
998317067
1009237093
1013292431
1022597843
1024134083
1031441588
1033610275
1039335406
1045423039
1045658208
1046612949
1048620925
1050509774
1057112847
1057597163
1061367670
1068585458
1071030484
1073951141
1076497590
1076567876
1108180182
1112727554
1113176301
1117368246
1117685720
1120289506
1126272662
1129099586
1133760096
1134122034
1142880241
1146081003
1148197152
1150642354
1155236785
1168141618
1170472774
1171226403
1177052615
1178629433
1180539980
1182408478
1182965508
1183650335
1189689510
1189778583
1190223271
1192352494
1195782568
1195835399
1200864693
1203493277
1207212320
1213038461
1220434516
1224218169
1233330283
1237449851
1239909837
1240760287
1252295194
1261938486
1266040136
1267912038
1268968952
1272169923
1273581662
1279201315
1283086575
1283703134
1289930723
1302762070
1304203453
1311522041
1314529808
1326652348
1327712593
1329910570
1334753815
1340350670
1342843533
1346671947
1349542792
1355798656
1357268909
1377903894
1379760579
1381574764
1383391143
1384526473
1385913948
1387939463
1388512813
1389566660
1394521499
1396686283
1402942293
1405674707
1409855451
1414586839
1418828264
1421007878
1424217419
1426656147
1429011482
1430495546
1430845513
1433891152
1447148725
1448100386
1453161417
1453377136
1458447226
1459576403
1459603505
1462234269
1462691399
1470674209
1475834080
1477573374
1481356825
1483010953
1484831532
1489865605
1509073821
1510939250
1513206767
1515367622
1516256257
1525934133
1527921911
1534078348
1548214855
1563987369
1566529547
1577710360
1579751732
1580625176
1583870788
1588191858
1594475427
1598583623
1604283239
1612444871
1617091729
1638246112
1640444014
1641195899
1641337759
1642449575
1646207858
