-498779446
-494103360
-480864678
-475628694
-475287706
-472431962
-471203248
-470131222
-468102361
-466921539
-463049596
-454915735
-453913926
-449595338
-449346466
-448011354
-446181323
-435129907
-429600796
-429201631
-427188341
-425648740
-416975816
-413499528
-408829661
-407716306
-405005715
-399109075
-397652767
-390978318
-377305787
-359035005
-355532360
-354552261
-352581465
-351713673
-344217710
-343215900
-338031292
-337960379
-325061109
-322349834
-319606702
-311279900
-299121403
-294957292
-286598461
-278017260
-270940601
-265788025
-250618790
-248030260
-244788173
-244297658
-241377832
-236482495
-235132526
-230890919
-230329381
-229887252
-227358710
-225746660
-224343299
-223260592
-220268485
-219666126
-219047931
-217943006
-211770200
-210259921
-207557017
-204059452
-194368542
-194314767
-184861542
-183312300
-180992602
-180099314
-175218601
-173775777
-173187408
-170771352
-169613353
-167585863
-157813218
-156808370
-155406626
-151019151
-140971831
-138677896
-131714404
-112240896
-110072165
-107569495
-104410689
-101828457
-100904821
-96853831
-95201681
-93091505
-91247516
-87074393
-83252168
-80542305
-75559013
-74974612
-68057079
-62703709
-59310160
-52489654
-51662344
-49580170
-40830707
-38700077
-38090613
-37479523
-32544939
-29866623
-28089342
-24135630
-19773773
-14938647
-13084522
-12214050
-7644702
-5443014
-513360
-87844
12925139
13239786
20996877
24811423
59685322
65649663
67768395
73652773
74489823
89676354
110051321
112817599
122270367
122821124
126357709
127880473
141012794
142621460
149455387
151639661
153278128
154352230
154799862
155387982
174519100
176377228
177776187
182198966
186769695
193818772
196578495
200693356
202280901
204345352
205407699
210012194
212909298
221919592
231644267
234759393
235438054
237981132
241116279
242286810
243472546
244536349
248034693
250447047
256542983
265471240
266018212
267886509
271092561
275710682
281211203
293417408
294231912
297841709
297947200
298735480
300964970
302435694
303322384
319033876
320791421
325244243
335450672
342648811
353653579
353701754
357382897
361830916
371881358
372572083
373148028
377449241
379990254
384447673
387648292
395150807
396642486
401515097
402292041
417519257
427016363
438885117
439054701
440088164
443517734
445432610
449018518
454927915
465461997
466395070
466778120
469051686
471544644
472661366
481559476
482012416
497590144
505250426
516926981
522369561
528930319
529689560
535385795
537177324
538637103
539911549
540096184
544929758
547691519
557957831
561480709
562252985
562727797
564140466
565201641
565713298
568540933
569942611
570375927
571348941
587103057
587863461
588132142
593378349
605073795
607743115
611980378
614289673
614529409
615351070
616949916
619281019
631501535
633192250
636093119
640982015
651468466
653855310
654770948
656819037
656919274
665370212
666900467
677512816
678863856
679981924
683724088
687593790
689912227
702683880
705852795
725187506
727229042
727927600
728453642
729535394
730678401
732531147
732883557
733563121
740249117
741755064
748284052
754703081
755277889
755574419
756202543
756397686
759184161
762964486
764753223
766261137
767485192
772754589
785222965
787865966
794151230
799391033
812125203
822248084
826900211
833320734
834904500
835008207
837564883
839454981
844555892
848131619
850482785
854023095
854783698
860504751
864691225
865400176
867885820
878842177
890689027
891283408
907341998
913530823
922615532
923441333
930275814
934079871
938074720
941936942
945124055
945645326
950123899
952072916
955559120
961905545
962604507
970246102
970548848
972312004
977207840
984420003
985067997
995930524
1001579146
1009262408
1023056544
1024064779
1028728210
1032706594
1034653170
1050994717
1052230562
1060042800
1064869395
1072412429
1072859973
1083750508
1087093200
1096022334
1096119493
1097782241
1103023869
1103404305
1120642661
1120835135
1123065963
1123892779
1124644579
1136244866
1136267086
1136808981
1141335602
1153221420
1155224606
1158749452
1162346282
1176368244
1178007256
1187546205
1189514672
1203667101
1205046490
1207748807
1209510954
1211128155
1217527659
1226268055
1229022035
1233060379
1234558663
1235623588
1236588387
1238828856
1242105752
1250344241
1254536326
1258050055
1258276754
1259532070
1267897449
1268253670
1272462596
1273621191
1275349603
1293268534
1294177500
1295191305
1297303790
1300099887
1302121598
1305706677
1308269885
1308428065
1328269806
1329041589
1331369268
1332181950
1335699501
1341177158
1346665769
1356947694
1357347370
1357481032
1358910367
1368641053
1373744537
1382005286
1382028904
1400683565
1402744394
1409531010
1409573324
1410114854
1415223337
1420968450
1426381144
1429836461
1442514694
1446966898
1451271357
1452164289
1456167772
1456541403
1463871372
1467559825
1469847549
1470930224
1471744728
1472940157
1477610458
1478254488
1480912709
1494503341
1502815961
1506437032
1515411842
1524250704
1525094617
1530315232
1534769404
1535784158
1536785622
1538366418
1546442164
1550717661
1551004045
1552364279
1552430251
1557713583
1569834201
1578982033
1580600169
1581355427
1581746140
1583972148
1584178592
1587278703
1594777957
1596309905
1601838644
1608035354
1614864682
1615305686
1619313729
1619489126
1624866891
1625551423
1629864856
1631234795
1633784700
1644920439
