-498504092
-495052972
-494498600
-488931666
-467016202
-466042536
-463809131
-453662564
-451990017
-447296445
-443105389
-441179887
-438159650
-436531760
-435643346
-432880325
-428814583
-393586081
-391523722
-388511475
-384412000
-382916091
-380231274
-380212426
-371934852
-363388656
-353948265
-351812186
-350685774
-349464027
-336206279
-335658071
-331607195
-330212536
-323481214
-316763404
-314457242
-310188605
-306660136
-305312149
-300721292
-300553733
-289183568
-288663991
-286143491
-284442442
-270900376
-270266303
-265321097
-260836248
-252147278
-249243515
-244791743
-239603653
-237221111
-234709507
-228122679
-226672971
-223600375
-211703298
-203941637
-201422646
-195774586
-194323461
-193226214
-192936195
-191715834
-182813990
-176147972
-171248732
-170533077
-165586049
-160104259
-149485490
-146602962
-140517881
-134856310
-131358920
-129243190
-97481812
-94431676
-86007577
-85006601
-76130066
-72249359
-57658062
-54980348
-51678353
-51603893
-46775442
-44915802
-40973089
-40646377
-35663977
-35524467
-32166521
-30723213
-30716949
-27636472
-25857624
-21238630
-21231095
-14511728
-14421185
-11587891
-8603445
-6858724
1218881
4651390
8198009
10403826
15085933
15771791
26722088
29040642
33498255
41435745
57530271
60060086
60668691
63031671
69007123
69842694
78230109
78758290
82205608
84615104
85182824
91694773
92128523
94936571
114697201
114954055
116600945
121710679
131891568
144392212
145813728
146855368
151318566
161500405
170272122
173588643
178823368
179232678
181584231
182589948
199274916
200998347
201679026
208240338
211366608
227099328
234578649
235900501
236474630
237575896
242039093
242329227
245095550
248777109
250917674
255455507
257573489
261986008
266058883
268454725
276857667
279586014
281525039
284271428
284491785
288320325
291498143
291865463
298163198
303697002
303739068
306412340
310202179
312685759
315896784
332977169
335567188
336035265
341128555
344490218
348482106
349734213
350979693
352832701
358355104
361631438
370913556
371040564
371338011
372867351
389408238
390904146
396179309
413383014
414411755
424673060
425078425
425994452
426670618
432529955
446640120
448065150
449604833
449790803
452986550
455321105
462047512
464321227
467594291
473701157
477400723
479666858
489281826
489821222
493809802
501857785
507988055
513278337
518164341
518471690
522169270
531373478
538162088
546189085
547873758
554150153
561321978
561843639
566207215
572596667
574014584
574343050
588890017
610521871
610952843
614822027
617055608
618994197
619767474
620876718
622494363
624318591
632834697
638095455
638934935
639158525
644744672
644847415
650564255
652722965
660441465
664311640
665184923
669915365
675349394
677014550
677373442
677775520
678356466
688920698
724094769
727540702
729192454
734622561
739507261
742887175
743114772
745985598
746878456
751431993
761488816
764297984
764998489
767766250
771629949
776520802
777021782
780229039
782129963
784139824
785542571
798173934
798568895
807509018
825535495
827153632
827535400
833685616
840153917
842175295
845128705
846789306
848622942
865050318
868542899
870127256
870918218
871872932
877702620
878970861
884011167
885324287
889375750
894050929
895542463
897130531
897571092
898102393
902888834
903111054
903238175
904257642
904779569
911944678
913456432
916308489
922234997
923505699
927000875
927988561
930317777
933507622
936052256
937603473
939604774
940639888
941434348
944383105
944611474
945992190
948855347
954083807
957382813
973200774
977689605
979102259
984944890
986977324
990739897
1004996542
1009509943
1010204402
1011131235
1011700686
1013040059
1018325450
1028081761
1033245248
1037476621
1052425280
1055856827
1062321279
1062346864
1063230750
1063796732
1065963897
1068877670
1069476792
1073797092
1082260599
1086474771
1093140780
1103946703
1104973110
1106579533
1123913739
1126215324
1127065332
1130565708
1144318173
1146278676
1150995900
1156575064
1156609020
1157107195
1161871855
1166803288
1172707754
1179604897
1180069530
1186099767
1192038611
1192468171
1194888631
1196833718
1197809895
1203318503
1205685948
1207501091
1207722129
1217450184
1224320894
1226140586
1235796707
1240558048
1241656267
1245772325
1246304833
1251701921
1268761971
1270051240
1274263371
1292333034
1312155806
1313096515
1318190234
1322722273
1326002417
1328581610
1331134082
1338179645
1339660234
1340310825
1346211262
1347053979
1348150509
1355426771
1359200573
1359917577
1361996516
1365847637
1368698614
1370985911
1379439631
1385826357
1386720572
1387506984
1393588743
1394414993
1395378190
1399273168
1405871151
1408415785
1409124934
1411153352
1412196813
1412460403
1413874184
1417229649
1422151758
1431174693
1434561468
1436994394
1437257228
1437576812
1439072629
1443559513
1446549808
1446655924
1447704182
1449424961
1453881134
1458600510
1469273663
1473233343
1474502123
1477781140
1482511896
1485108895
1508514799
1517735226
1518314949
1519236788
1520040325
1526796812
1537705636
1551542712
1556763120
1559341166
1560784944
1566781680
1570034356
1581049830
1582091880
1584526511
1584599203
1586115872
1590196833
1595719811
1601467675
1603985449
1610758756
1611827117
1619127469
1621946836
1625601794
1634413334
1636007835
1639419952
1641544804
1641712363
1643432184
1647316088
