-494899295
-492170314
-490146389
-483943861
-480739354
-475790748
-455968583
-451243161
-450260501
-437230340
-435853557
-426926128
-424824608
-418475746
-401222499
-392500076
-385123113
-384601947
-375146334
-374275442
-370495405
-365476346
-364008302
-363047275
-358891843
-358625593
-355495585
-352794604
-335828868
-320509685
-318701599
-317027090
-312079024
-300144080
-282589929
-281138673
-272404499
-268593749
-267229362
-264036038
-263313936
-258857584
-253108371
-245713445
-242569965
-233637494
-232344725
-227940937
-226464893
-224967595
-213474509
-211493548
-206861876
-206392843
-205613372
-203702692
-198876143
-198466024
-197958987
-196512379
-191411674
-190402050
-189265257
-177125508
-171725696
-169381731
-168818073
-164806559
-161867522
-154745801
-153686612
-147249135
-146339462
-143033966
-142654835
-140255209
-134371903
-124287636
-119078574
-110333131
-106499359
-92306918
-89540169
-89024442
-87379381
-82296433
-79798586
-77903122
-77383610
-72010043
-70932215
-67651232
-64947078
-63062045
-62438085
-62248621
-58671536
-55231699
-55037631
-52500465
-52305164
-49014930
-47643181
-41834972
-34611183
-30923291
-26394456
-25107205
-17144409
350513
3576844
4989167
8220683
8377528
15193006
16195280
34250557
43819184
43993829
44785682
48601655
54977535
66338998
70492859
77186345
77272139
77292055
79339449
88048304
88745674
93970942
102195484
104859877
110702346
112078152
122637394
130710164
130841959
138937799
140529569
144254207
167428387
182584444
185758937
190935666
199551842
202412425
209177086
215754514
220009610
220705463
224725203
233468821
236409280
238748820
243420585
247491061
247964468
250995456
254823145
271266521
278707860
289713167
290309565
291522478
293825488
296774279
300243142
300445701
305046515
308869631
312097690
313609104
331578610
334223187
341432221
349558574
349703286
352359888
353052348
359471700
365925742
366005740
371930600
375689243
377064852
382523172
384029375
384293584
385586176
385590231
387513414
388140200
395537863
397211961
399378736
402915706
403204064
404659518
410179945
410405173
412713248
426301263
431241562
434594189
441653426
446128907
446976663
459540649
477780236
483338281
485796122
489799280
498050862
503508370
512283928
513366695
515765861
519550124
524907174
525672759
527075978
527611871
534149981
543193047
548589049
554821245
559191847
561250907
562023427
564812221
567272363
569769959
582661036
582820025
584099795
587129359
589096187
596169641
599973470
609919387
616007032
624659799
625943905
626489399
634275948
643989663
645430696
645699900
651757559
653245506
658591100
659901369
691467935
693408888
695777404
704873874
706124925
709935552
718623449
724399595
726272678
731827202
737947175
737950735
740308703
742410664
743465264
750917703
751077819
778904093
779164994
780253884
782213220
783965889
785204732
786072698
788022620
791158099
797619195
799674542
805152655
810948957
811024607
812787447
814490577
816661588
822913483
827376358
829629166
831185118
831910639
832009490
845028824
847966778
853442118
868904010
872563761
873295401
875267719
876266517
877075805
878968545
880353874
880637119
882104120
890297731
900142789
901931224
907452902
911793202
915392855
923222542
927361196
931545447
939054256
941341803
942944854
945646262
946016290
960816606
963474024
967681758
969310394
972524812
975060746
976188504
976494114
982495548
985465765
987884947
990513107
997939928
1002540873
1005087049
1005648485
1017776061
1018163972
1032161778
1032301419
1033731556
1037036707
1042015389
1043597317
1050654607
1058484293
1065690486
1079884709
1083553378
1083784404
1087449269
1091373811
1095698853
1095993152
1097455299
1099790164
1101820795
1107115282
1107985665
1108906949
1109084755
1110684023
1110886439
1114750606
1120222290
1123382200
1129271462
1131518120
1131670179
1137626427
1143789516
1144690264
1150360348
1156235307
1157019708
1164507543
1165554414
1166110784
1176316610
1185589646
1198371336
1213194433
1215564315
1220235585
1233889041
1237071988
1244371857
1246493000
1250934610
1256948813
1261094228
1276594722
1281864156
1288096121
1288250946
1288408885
1289954107
1292387406
1297311220
1298599236
1299517179
1303251387
1306109908
1311072602
1314643089
1316571866
1326038375
1327128741
1331658749
1332064263
1338538884
1338570683
1348105919
1354905962
1356754251
1366260047
1374282774
1376425229
1376691502
1377760419
1388825766
1390039326
1392739431
1392752866
1394917715
1400563351
1401254926
1402468635
1403050703
1405296803
1406493011
1411066636
1419997158
1421418767
1423688040
1426911060
1437143873
1440577197
1443017106
1446118144
1449750106
1452250379
1456240684
1459495603
1460394857
1466888373
1473519220
1473780246
1479979844
1481711471
1483126991
1487620674
1488355065
1491292153
1492364458
1503177535
1503761040
1505706114
1506934879
1506957448
1509011040
1510576449
1518622501
1521614013
1524372847
1527613268
1528415545
1529824950
1531096523
1531212039
1531654421
1534280343
1536025872
1537321616
1541977951
1545633412
1551136296
1551883583
1556181817
1576200920
1576488222
1577058166
1578058823
1589609473
1590533512
1595761604
1601769264
1602583548
1603825300
1604130167
1605567763
1605734949
1607085948
1614013092
1614067989
1614205338
1624004068
1626063128
1632660550
1639986981
