-492175751
-490257652
-488221678
-484567760
-466606521
-457720285
-453453303
-451422124
-437784699
-427676193
-416309194
-412289508
-409883410
-407106017
-402902103
-377706496
-376638929
-375163274
-374310189
-373464942
-371166110
-363864000
-361305533
-360059684
-352003919
-347768389
-346593090
-342097482
-340504870
-338614798
-329864967
-325927738
-324521858
-322172917
-320571008
-319740089
-311300781
-308941879
-305805110
-298982432
-295666115
-295021832
-287395440
-286583068
-279708036
-278354384
-277375770
-276008782
-275299086
-273958477
-262711011
-258413404
-251852176
-248306932
-245996999
-242971732
-241648943
-236369423
-230474358
-228239535
-224628042
-220200011
-219428839
-206555326
-203217341
-201912613
-201336772
-197690867
-193360976
-190421848
-189520908
-186333040
-183478450
-183136255
-170165430
-164224936
-163961338
-161681474
-151039361
-140346472
-137962941
-135781446
-132903524
-131031274
-122512819
-120194918
-115766913
-115022356
-114591780
-110479400
-109935397
-102549724
-101599324
-99999499
-99970592
-95621554
-92777764
-92175249
-90584467
-85903071
-85264994
-79401017
-76487939
-72571840
-71704944
-66170801
-60129663
-55880212
-44809183
-42693041
-41262253
-33816875
-31659715
-24887585
-22646687
-22325315
-19649874
-15114504
-9554183
-8940688
-7290254
-6740746
-836048
3773042
5217174
5562964
6936270
7604191
20267150
21289813
32124708
36479216
50082436
50675106
58163299
60226227
63025796
74608357
76116948
81242745
85054493
89778497
94238122
94547723
96437667
97042059
118169288
118970250
119736808
123182818
125047583
125954644
129102655
138212427
139467684
153408603
161176716
169405609
170857578
172065024
173318780
174478215
180492142
184229561
186164349
188529347
192747340
195953418
196898605
198085059
202561212
202969162
204004896
207048055
208924569
215300051
215708519
217250472
230527027
239294037
240417109
243863413
246418654
250337371
262236381
264846354
265275953
269649124
273041078
274826145
276388800
284313709
289243005
289786667
294900321
295452710
295751585
295875404
303866975
305833125
306740186
313404274
314426937
329033430
329341559
338951691
347549551
351943242
358817480
359233082
363462405
363658553
367000650
372603948
382996831
383511402
384264807
385877630
386773875
390736080
392942263
400534497
402923858
404368929
405197267
417193825
421032782
430729848
446853277
449797059
450564991
450735075
452856637
455049377
455498655
464772036
481194785
483685551
485223725
485278876
487513210
488688236
490726761
493014791
495392138
496173667
498446821
506090160
508436410
509176105
509441376
511325825
514588264
514996731
516901047
519284785
522973969
552862243
553254602
553470261
564700132
566797367
568294483
569833474
572210621
577280226
588129670
593959831
596049619
606539274
610500615
611697764
615336671
630651742
645558938
652973979
655973692
657594115
679740887
689446735
695631257
698348349
704878975
706924492
708806620
728948403
736190426
743737313
747017792
751002228
752285474
752812642
756637523
766405989
769242464
773381339
780294800
781852601
790050628
790718621
792148561
793290840
798519963
806263626
806499820
811001026
816467175
824302324
827006762
829996873
830024424
832402971
833270250
833671424
835445327
844308314
847260784
850949630
855126549
859278440
866057255
876376990
878252426
878682477
880507204
888823300
893807481
894143971
894574343
908235817
916112118
922211579
925408648
931008570
943516373
944127339
950751574
955171288
959354479
962202795
965184640
973142204
974310701
984280522
992629721
998700766
1013367462
1016373436
1025980166
1030203776
1036405435
1042647176
1044748671
1049287499
1051710924
1056038397
1058388677
1062600760
1067009649
1074018242
1077064904
1077773586
1087958701
1100368209
1102535438
1104227644
1106483460
1113477606
1118634034
1120431795
1129678498
1131424368
1133640703
1135980557
1138137490
1138211190
1141089660
1142014992
1143748889
1144397910
1151027593
1151602611
1157698714
1160091013
1161186396
1162777603
1166153348
1166780178
1168828254
1172032369
1173506933
1178558501
1181092018
1188300849
1203988287
1210534997
1217005220
1218999488
1220998632
1230705545
1237564713
1238314332
1239049201
1242731291
1246071167
1246535384
1247603680
1252223725
1252473639
1253415826
1254278153
1260372282
1268331566
1269592586
1271911729
1275798748
1275869756
1283428367
1287047613
1299698760
1300980567
1315161923
1320496778
1321575972
1329458561
1337106632
1338276312
1340272174
1340677034
1341960436
1345608477
1346590546
1348195435
1351166689
1353703705
1359990607
1361525073
1364776463
1367701824
1371024612
1371372111
1399706935
1400177456
1400909561
1403541879
1404633954
1406313656
1407807245
1414634040
1415766205
1420385083
1420521322
1429525631
1433447220
1436415726
1440635918
1448468605
1455282701
1458754242
1465321507
1465890571
1466698106
1467039057
1470381948
1472757332
1476944871
1482797968
1494905313
1504426774
1506111240
1514746647
1516686751
1530610610
1539896095
1546938604
1547306805
1548915955
1549485187
1553105288
1560540116
1564551583
1568500008
1572581407
1577512609
1583521809
1587080541
1588190141
1591967682
1601683164
1620477024
1621583620
1622972934
1625776009
1633101518
1636993993
1638097522
1641653487
1641732605
1643521443
1646460984
