-499375439
-499286612
-499131765
-493595193
-487077392
-478375751
-476965975
-463028697
-462180246
-453106244
-451743253
-448071548
-447731334
-441993762
-440069106
-436170515
-423501943
-415390824
-415073826
-398196519
-397189139
-388538505
-386059235
-380108155
-371925141
-371008390
-370739371
-366180458
-365614292
-363483360
-358525563
-357746292
-351782685
-329722972
-328595757
-323847617
-322986721
-319707376
-316303497
-310854139
-306928748
-305477122
-300299432
-298130452
-295979540
-293775016
-286911136
-280388578
-279711995
-279087434
-270541190
-268731491
-263845555
-249583685
-248524882
-243667694
-235779500
-235740973
-225598809
-224706021
-215573789
-215371837
-212218264
-201733527
-194081959
-192473294
-187992676
-187373996
-178336733
-177068722
-175602455
-172129427
-168842844
-167849572
-161941747
-154653540
-153912080
-149326568
-143539839
-139735929
-137063387
-134237725
-129606116
-119335690
-111308793
-107381882
-107327457
-100501390
-99235651
-91797151
-88615765
-87544421
-87544050
-81139614
-78455781
-74580431
-70915203
-68233870
-67418306
-67362019
-58244894
-57996951
-53826690
-42524532
-41879774
-36083024
-35753430
-30176822
-28121886
-20899714
-16168078
-13400368
-8552573
-5645702
-5350220
-5110242
-3955765
-3515384
-35912
8129823
19855461
20179562
25074209
36495370
36759994
40156664
40319310
43534110
44449012
48362258
52999121
56240023
59734103
59889184
60220267
62017049
63919268
64843591
68921333
77302112
81404355
84487925
86953451
88891682
89320921
96693239
98809328
103329994
105267787
110329159
115404695
116197297
122307680
126480583
127317601
127772158
132783345
133749171
134116550
135653056
142529393
143786559
154097430
155539365
168715677
168792426
169698030
179667702
189195253
189304307
191741183
193943325
197738810
200431024
201291951
206658176
219724693
223829699
225835793
228854158
236247834
240045205
240932548
259602472
261626935
263738850
271330580
279986273
280475748
280696108
282786687
283117407
285211358
290610984
293796068
297515823
299361939
302633471
307016835
307330510
309702373
313241486
316543262
318066845
318188021
320388853
320499051
322432531
334770796
341501660
342689812
344446478
348716304
352542424
357905086
370357973
381254501
389513727
395420237
396727452
408913522
421343722
433031178
436116986
449740867
458689523
461610568
464338323
466250050
467654140
472776387
473032790
477293863
478913899
480941928
481341150
482209385
488169017
489757691
494880220
497478360
500158795
501120409
501627285
506513899
506578575
508576878
509133492
513470637
529309423
529756859
529876476
533830889
534673608
535772280
536019574
547571911
548942182
549335355
550585931
555520965
565399089
571138748
574631124
580267053
587642677
590488193
611022472
618768300
626470420
634267193
635195107
637644378
637986534
640928539
645205081
655987753
657702075
658415463
662708955
663064097
668624446
681240269
692739379
693809320
700011510
704619713
706255677
714652761
716881193
725114254
728744914
740402001
749033720
749719851
752080352
753916229
756481725
756651481
757888668
758798614
761322043
762846205
763666377
766061393
770783833
774198051
775623868
784057009
787027522
787652084
802211232
802256352
804445482
808331590
810086590
813092356
813231649
813426240
813491578
821373130
839441521
842790136
847314031
858435936
859071153
865127877
879930507
883176859
885611422
887676469
892918372
894062280
895621396
900228800
907844983
908618077
914234986
924956752
925700930
936073228
938671358
954689951
955511833
958250114
964075771
964324766
965169216
965306711
968353974
970927061
972447563
977154716
981941250
987568549
1004609468
1008564650
1017929678
1033457981
1042323043
1050824882
1069573372
1072177725
1073012523
1077145265
1093490825
1094359060
1102496991
1103976589
1120539565
1133613938
1134022303
1139919711
1143699316
1153986186
1154920354
1162175801
1169279012
1170818439
1172300414
1191010975
1197063600
1198654531
1209302541
1212576836
1214190589
1214903978
1216342079
1217922342
1218169091
1229407190
1229715605
1231525789
1232941148
1248548027
1250825756
1251412755
1252029876
1261660712
1262554860
1263013914
1265082074
1271230314
1274701782
1281085736
1283130241
1286047939
1291209251
1292452747
1300079069
1303572714
1309602179
1309685426
1313976344
1314749203
1339189081
1357162048
1358219430
1361454614
1364115174
1369827259
1371309339
1378900615
1379154040
1387983536
1390711544
1395263608
1397473922
1399419823
1412040977
1415122995
1416552684
1418325120
1421063674
1426084538
1427520656
1430196683
1431561883
1431681818
1432536211
1433741859
1436005523
1442980210
1444658441
1445374698
1445500607
1445786032
1447327618
1449265857
1456053379
1458143429
1459093094
1461130270
1466850398
1469862032
1472369101
1483353247
1490508527
1492718575
1495810960
1496887566
1497149585
1497527333
1500051745
1500072773
1501629122
1502533246
1502687376
1511497256
1515113030
1516288904
1519294139
1525008566
1532366194
1534240104
1554118603
1563425708
1564532757
1571024416
1571211407
1571499563
1571795045
1571902322
1572109485
1576418601
1577455365
1577727910
1589150394
1590808743
1593083092
1594275175
1599171538
1602245030
1607714266
1609177003
1619894386
1630764122
1630854430
1632381626
1635529840
