-494626242
-489997003
-489974941
-483519599
-480736881
-480535308
-479985140
-474628044
-468927078
-466454577
-447288665
-438666211
-436656299
-436445021
-434965560
-429307674
-428821322
-426914162
-425316087
-424182152
-408779275
-406546037
-405620687
-404117984
-397825824
-395246952
-388438158
-381350296
-379620732
-374547765
-370790064
-369188443
-365168468
-364392851
-360535288
-358167555
-357935307
-350430500
-344747219
-335158998
-333825567
-328479923
-326077594
-321089439
-319304895
-318029907
-313674297
-306960423
-303369087
-289949821
-281253196
-269934960
-268893169
-268365889
-261935835
-255799461
-245517015
-241880067
-241024565
-238079647
-231072513
-218532511
-207681954
-206414926
-203071569
-188418835
-188222062
-181547090
-173078842
-173046314
-171874360
-168494264
-168291761
-165162780
-152013863
-149878207
-129527534
-127553873
-124695971
-111930487
-108613864
-104319095
-101964689
-101900164
-99020709
-94337253
-92460407
-85294140
-81795112
-71272355
-57025934
-54468035
-54041774
-52667045
-51446812
-47280796
-46586389
-43546960
-40363164
-3420149
1480838
8408851
10302457
19066843
27294337
35547244
40442925
47123023
50445922
53590081
57594195
58898300
64991284
70012772
73053639
75066181
76985864
81946369
84225168
89598927
91895384
94730749
100878749
101009041
105044306
105846742
107115934
107914381
115911687
116896472
119091123
120343442
122404466
125843267
131436699
131663650
132777072
137148145
138749365
140324331
142927826
144965981
152106383
153376311
155799495
158629397
159514241
161325618
162013270
166043481
172928184
176659931
182394706
189091185
203452314
208920965
210240153
219305286
220097710
226697430
227709160
233030161
235888893
237910544
244604389
245192685
267341903
269885308
275857621
280058924
284849312
284851938
286185851
291613646
300542899
303653242
325943186
326499306
331264390
332219936
332828032
341779960
350040791
353377146
359610305
364798827
372267969
375239403
382048917
383533381
386272143
397373731
400021855
404038755
409023275
415989540
418411586
427832436
431141095
433658045
440924976
441158047
445591870
447642132
451011538
460483042
461429872
465976318
470897969
476678083
490218900
490578218
493665608
494258732
498289394
501999382
503319595
510618199
513229981
515504388
519538883
539939850
540807881
545911095
548293095
550344918
552505574
556729233
576836127
577877531
585510586
586578938
586745188
587675811
593511372
598417168
600516646
603013532
603139600
606219823
609549898
628045062
633005333
635113910
638692908
638851193
639991104
643019045
643871598
646957256
646996652
647675940
648865350
649222196
650855433
655719113
656538737
657021711
670226847
672264879
679796690
681992422
682109573
689849987
691675372
694733711
711301418
714563925
721571882
723934234
725287646
728501953
733781826
734028617
739215326
744309396
747928003
748741718
752994468
754290693
755064289
758806220
760119315
768096489
768612482
771901413
774290090
776712167
777380582
777691905
790765648
794422835
797122750
799654457
804118131
809031128
816250441
817137610
820885308
821186716
822638762
824955580
829244986
829932897
833464134
835623541
835787072
847719261
866955609
868599510
869625256
875165391
876041088
884530417
887820331
887862630
888858585
889782344
892954929
894843220
897358309
900773428
907412514
912714751
914658670
916904413
916916243
919924810
924139998
926510182
926542808
929815293
931210926
935604522
943821360
947626702
949789670
953484764
956921757
958940020
960055605
963279631
975694647
982096427
984311977
994215133
995744926
1005441801
1007386540
1011648237
1013492924
1015444798
1017032049
1019081307
1031364455
1047038348
1047202650
1048175878
1053502024
1064200628
1075587433
1078385776
1084455068
1086283620
1089760903
1092717241
1096308679
1098860385
1104357698
1105944120
1110819103
1111030736
1111526430
1115662505
1124966488
1125884496
1128834882
1143826153
1143916512
1151459982
1151654098
1159812472
1161238114
1169275091
1170313383
1173529366
1175820356
1187496954
1193522553
1199443795
1201460922
1201992032
1204982388
1210025232
1212958821
1218184346
1224260435
1229554501
1235303145
1239189230
1240381062
1247507372
1249146347
1249245113
1251393281
1254414239
1265316011
1266316178
1275889845
1276237135
1284592548
1286912624
1287559303
1294650689
1300117491
1300218707
1304238414
1309405071
1322330951
1322478306
1323028925
1327420611
1333426213
1336865730
1341107657
1344447101
1354372059
1365976081
1370963872
1370975976
1375844023
1376337631
1378363310
1382347288
1387451687
1395803290
1398199519
1398511210
1406170343
1408431110
1415998250
1419641474
1428358898
1431296132
1435657428
1444021979
1454154957
1457236884
1458191538
1464237770
1466176271
1473138049
1476668886
1476990111
1482050228
1482188800
1485532441
1488759227
1496998047
1499212407
1507178629
1511533583
1511578443
1515072947
1518887541
1520444942
1526490594
1526938964
1530921910
1531292170
1534436348
1537565001
1539291641
1539546748
1539747558
1540329913
1540333812
1546512901
1554493805
1560324978
1561257849
1565890721
1567155530
1575080919
1578137747
1585720147
1596256014
1597141828
1597647419
1607478134
1607945374
1608675149
1615789698
1619090367
1624283013
1624746133
1624917147
1629070094
1636061967
1636462760
