-496130303
-494396101
-493268239
-492091313
-488558720
-480608442
-477600527
-475325006
-472686049
-471557623
-467645062
-452091153
-451710587
-446627613
-445682512
-440646250
-433274784
-429188041
-422456280
-420961400
-415819954
-414958735
-409798071
-404513047
-401013369
-399119184
-398135635
-393769486
-392421494
-386456598
-384311777
-384092753
-383213106
-374448642
-369421275
-360932459
-356618516
-343208645
-336853025
-334138684
-333899013
-332402011
-331969794
-328698180
-326969327
-318983229
-315075517
-312643046
-307957853
-305739986
-301097609
-296375680
-294937822
-292761638
-291753196
-287831275
-270861925
-269679096
-267588745
-266515270
-265129023
-263895328
-260581010
-260194866
-259532642
-249619657
-244052069
-242241534
-233257868
-222984516
-222758350
-220845053
-216629515
-212752431
-212256820
-211996837
-207182871
-204407466
-185526299
-185450348
-183672440
-181713034
-170918325
-170045455
-165798274
-150392548
-143955117
-139104530
-135791581
-132818645
-123231114
-121526836
-117930449
-114788124
-112450892
-104877653
-99380040
-85975367
-85091166
-68615353
-68154449
-63343764
-60183227
-59953335
-57024328
-50078187
-49254139
-47418420
-42169499
-41182075
-39537676
-38495981
-37018841
-15186193
-13707325
-11316495
-7947396
-6869017
-5168137
-2886697
-196379
-184106
8741387
8873447
12640257
17238168
20360828
22720505
37291569
47072870
50472498
58354188
64984830
66083988
68655916
70395498
74545641
76693499
90874284
92816645
96235386
98220243
102360709
102817044
112788685
113803349
115043799
116290142
118016738
133407927
139802521
149459129
151584392
152215390
152979792
165233649
172015562
174479158
180513717
185708441
192380164
197731210
213637547
213908058
222027006
226097809
228001960
232776631
235673275
240226151
242105890
250593112
254217989
260356898
266065594
270857963
275910370
279437117
279930339
292480257
294122905
303893141
309372906
319819842
322733903
335671291
336672148
338868015
341654731
346828456
347192713
352062759
353324864
357709505
362665845
363013661
370111827
373644100
375635090
385085380
386577239
392001119
395668050
398570247
402044794
409493408
433769539
435176922
435990986
439278904
440901225
450016433
452458186
453679141
455380708
461552018
464188578
467643171
467970006
481042964
485692852
493293312
494297389
496041386
502912486
506865007
515037779
516084926
521960659
525307494
530075201
533316459
536963280
542638452
560121584
565505500
567224537
573216342
576978683
578724245
585148417
602091973
602620665
606475124
607106972
608167360
612037058
612223206
612424974
618776468
625225020
629233588
632477638
633534928
636990390
650312790
651239030
655281354
655916690
658174022
661057821
661941907
674370382
677322975
681036751
692376391
693761940
699688309
700052662
706219798
707974664
715957035
721425541
723209299
724986953
725924828
740322619
745608772
749817382
753178623
756552284
757429053
757597044
757669049
765004075
766286575
767311723
771312874
775102951
776749103
779733960
785715062
789659723
798406672
802457542
806551010
813069580
813091999
814389403
831414474
832952922
836467653
840383532
846535760
856479664
858203927
864375237
865549625
865880041
872234728
873149260
873340062
881401080
882219135
883793615
884361023
884805322
886374090
892859334
901360897
902240029
907688837
908202146
910945678
911950074
914989373
930401105
937743771
942546984
945731745
946596284
948944217
952274080
952347374
952967148
953525329
954548117
961233904
964132897
973888658
975017616
982228637
985426265
990443834
998607754
998700618
1002152003
1012831485
1015669434
1019505264
1022282093
1026121818
1030929115
1035453133
1037147194
1037993966
1038320675
1038998715
1039285923
1039696294
1044451080
1044780015
1050507216
1056538752
1065321394
1067441092
1071670851
1072051232
1072209261
1075351870
1075406133
1081969711
1085252257
1086109957
1086907563
1087597692
1089684255
1100720563
1103104769
1108713501
1115126226
1118591832
1125395557
1125495373
1132291757
1132995208
1137675295
1140351294
1152838467
1158687857
1166724386
1172747840
1186064363
1188562288
1192138765
1192995396
1194908618
1200505967
1203530145
1204627502
1207138589
1209593219
1214315568
1220882511
1221809036
1225270707
1231509249
1233876024
1237771838
1238253123
1238396561
1242212332
1250462607
1260281398
1265599122
1269283794
1271642553
1297732649
1302221772
1304309307
1311628251
1320681991
1322364588
1323115204
1325032250
1325853801
1332047207
1332866118
1336569275
1351780693
1365626778
1366832022
1368172425
1371889546
1373402509
1373506918
1387968132
1393913184
1395921898
1398086181
1401821872
1404817942
1410073515
1413372997
1416931259
1428473950
1437305236
1441396159
1442587488
1444967609
1446047712
1449387383
1458339256
1464391003
1469980696
1473343562
1480363384
1482361662
1483733618
1484394266
1489703792
1492592676
1495174898
1496878545
1500235873
1500618156
1514444518
1514879734
1517693006
1518006244
1527794506
1532786958
1532825829
1532838506
1538343554
1543260524
1545167958
1545723692
1545960914
1551756505
1552278226
1552917390
1560512154
1579860234
1580010279
1582911627
1590273107
1599380073
1599437872
1603991932
1604425500
1612356904
1615979423
1619790387
1624401106
1625433180
1636458272
1637664857
1641312338
1646664736
