-498702549
-497665285
-488348538
-485755282
-484181945
-479971709
-478138100
-475891606
-470722439
-469672292
-458993388
-451893751
-446058252
-443304069
-442015888
-437071250
-434252713
-432754087
-421558374
-416636573
-415026785
-413646284
-408850899
-396911758
-393008325
-391494775
-384661021
-383266063
-382951925
-377556781
-372286063
-365888004
-365013720
-357234995
-357155472
-354136156
-349127115
-343591859
-342990276
-340131747
-329450532
-328040507
-327041887
-317243791
-316683722
-315705807
-314301951
-312055378
-307025401
-301262119
-300403915
-297220737
-296416804
-295820556
-289645416
-280553473
-266731879
-265613934
-265099999
-262009186
-259798038
-255280591
-253573027
-248024347
-242865739
-236218362
-235313299
-235136046
-233567502
-220803876
-214872859
-212519745
-210674850
-210041399
-204413409
-198496315
-192521310
-188708185
-174861321
-162798700
-155286859
-154507830
-144723000
-144467278
-142174579
-131920055
-128278720
-126901807
-126029664
-125884367
-115498818
-114936303
-107553318
-100784016
-93734519
-89867332
-87725771
-84263161
-83853771
-81519056
-78299138
-73216147
-70256749
-69510545
-67835085
-56865936
-54298553
-53555567
-47440554
-47113633
-40844261
-36958093
-33527276
-32757541
-29984305
-24205918
-17597504
-17278507
-14430300
-11053225
-10672621
-7944628
-3067784
187493
241567
1870983
11548605
13049201
15431272
17600244
18450283
19264367
20235076
29506334
29872095
30849732
31507410
33913029
41129338
50480817
57976417
63456220
63854621
64107682
67515167
69142628
73159038
75278229
77809015
80476480
83261454
88224700
91490827
94618105
96521820
98090414
100584720
103210701
114870837
115526472
121031862
121260207
126361602
127769592
129089604
133275381
141471490
145305677
148031066
150961105
152258556
153488884
165147975
170759813
172518119
176234422
176242752
201406277
211998255
212354311
213784820
216374742
223132087
223378941
235503984
250080066
256553281
258628499
259509336
260920241
262948431
276457770
279892728
281730837
286890817
287493750
297122742
298187115
298754622
304443759
306919108
308642528
314999236
315362647
319018053
328190665
337596767
342368602
345572966
345980834
346593758
350191009
353602836
353912127
355209578
359105732
365317692
381980166
390933492
404165140
408830136
409206445
410526959
411891343
415340526
416571031
418591740
420571576
427935723
428691761
431800491
437781598
442477599
445456844
446899008
455430546
465419147
466899411
467309809
469432369
472866960
475904418
489301998
494439048
500982779
505849087
507906023
513810928
518891770
520256886
522638198
523890287
524545424
540791182
542607495
548338065
549012220
554772280
557237397
566974890
573794400
593020731
597064206
611830281
614670606
616882267
622428303
625258309
635392656
636098889
639988023
642049354
643961847
644156732
647972673
661740883
670639647
671489253
671510050
671522923
673516837
683324345
688624320
691674024
695285651
696310092
708880474
709432284
709819418
722551244
722660464
723143113
725431002
727180018
727930366
732779095
733368190
736224158
739279181
748773972
751148408
752042214
752215034
758158579
758169469
761065083
769820932
773391833
776678197
787431735
799098493
802750456
810435969
819387961
819458981
824043512
829552629
832534035
841016414
843757068
844672828
850089231
852468545
855417461
857121571
860304036
864820710
865124809
865313642
871235516
878452245
879056733
882221733
882900921
886527706
888877595
894385822
896608535
901996796
904571717
906036123
908531608
914705310
918591714
923663384
935831972
939949335
941929361
965096080
966604828
969417017
972533463
974772411
975328939
977037973
978416540
990679256
998222076
999373943
1005086010
1006170433
1007468134
1013217666
1022763982
1023639597
1024986738
1027650537
1047922888
1049401990
1049878523
1055905077
1057967227
1060301942
1063365596
1064602098
1066556909
1068829410
1074786283
1087915488
1091269205
1091619943
1095877365
1102885908
1106073476
1114868069
1117280277
1126205073
1128924555
1140071897
1145237787
1161402072
1165562563
1174076520
1177124857
1179447979
1181996462
1189038262
1196097262
1198986757
1201187887
1201938264
1202112081
1204331030
1205645298
1214715837
1235930814
1239025785
1243203780
1246663006
1246750104
1259766312
1265550129
1265624973
1267913103
1271216050
1276622944
1278174669
1278393655
1285441506
1290007086
1299292516
1310701753
1314033174
1325692784
1327961297
1329173444
1330242528
1332367268
1335010150
1335151211
1336224077
1347061272
1350137820
1350548398
1358023856
1364382538
1367996888
1368448790
1373976553
1377553338
1386585194
1388401508
1392102194
1393902927
1395674968
1398738835
1401940901
1409019426
1409965030
1413568648
1419231859
1422696825
1429336644
1434116682
1451572751
1452925769
1453643392
1458832792
1459782116
1462911125
1471449829
1478782887
1480368423
1481179743
1482169801
1483448256
1484653821
1491996689
1492925117
1494260823
1495091553
1497245952
1502131557
1505826935
1511940196
1515653010
1515786910
1521392262
1525182065
1529728875
1541550884
1543038624
1550702810
1557370793
1567634461
1569396217
1575313061
1579098463
1593694147
1596064858
1601231907
1606887434
1614332160
1619848297
1635661639
1635866945
1638893965
1639254274
1643444321
1645667334
