-497263243
-495833573
-491272329
-481919255
-478596389
-470267141
-466567381
-465653015
-461468401
-458532699
-447958219
-447647297
-447581593
-428857520
-423631683
-422639337
-416059083
-413221097
-408561956
-406179996
-391892054
-382235929
-377744033
-377178085
-375042786
-374004275
-363670391
-357444583
-356570330
-356446802
-347677205
-339953864
-339758022
-337277836
-335131843
-331352565
-321798971
-315747418
-313271820
-312349604
-310323430
-306027494
-304779428
-304561390
-304288644
-303681906
-300829904
-298641941
-295876805
-287478142
-286445344
-283358045
-277014548
-276914209
-275670921
-271680508
-270249287
-268797214
-268390502
-267765092
-263784288
-260883885
-260307823
-259447101
-257630399
-252619349
-252063636
-251789417
-243876359
-243556832
-235188616
-226382513
-219657457
-213668586
-210163460
-206566821
-194214937
-193844556
-193744555
-192969898
-192615543
-168100780
-165230639
-161355948
-157890030
-153509406
-151869526
-151553012
-146919800
-136864450
-123226385
-117833439
-105747599
-99205122
-97592050
-95527400
-93060053
-92461693
-89900410
-89849059
-88007620
-81044238
-71058082
-70628252
-65675330
-59161749
-58481447
-57682251
-55868644
-54307038
-48954579
-48766352
-27513681
-24800903
-21341119
-16955514
-16906330
-16506004
-11099363
-6675481
-4725633
-3826863
2903696
4988477
6864530
10187978
17176611
19710101
26209614
35016159
42965737
51281927
51493684
54637255
55982743
62379086
63364927
72776068
73091709
73294682
73301892
74527234
82349140
82936400
91205081
95744998
96966881
98096639
100612443
102541713
103799496
105394254
111664325
119500250
128473017
134873947
136739125
143662725
154990977
155226491
156920843
174941977
176059132
190804014
213473576
215355851
215884653
218000965
219918507
221836384
222167393
230426968
235865315
239963156
240235325
242135834
242475859
244833303
252150838
262079747
268465395
280730665
283205473
283722541
284613876
298198254
299782539
301286218
302842423
307864887
310358362
314679647
315761228
316123413
321930850
331380018
335514025
335682012
337629162
338328422
339479242
339522689
346229220
352747699
354799220
366312880
368582539
368946644
386661146
388100419
389303238
393398576
396182982
400465675
401636008
403498877
406423369
407358400
419740659
424041702
424283863
425060491
436585878
436753507
448279385
449608963
455975340
457659254
458487680
467056974
476178868
479114579
482812349
487409000
487621026
488014398
496703757
497177636
501632362
504937493
509317833
514410348
523181329
544040747
548253162
548358322
548442169
549056460
555815591
558311966
559739885
561640979
566375109
567595730
571862376
584850232
587967796
589878890
590922847
595059658
596843566
597701428
598697357
602928837
604572324
610224216
614523463
621545595
630522805
635992855
638291820
642205508
642876465
643474294
644048404
656789617
665143726
665475903
668200354
671433005
679482171
685671554
693235744
693335418
716290111
720163089
726643198
729553164
743783610
743845593
746267120
752309986
757183552
761528859
761760404
764874034
776329111
778733480
783156863
785064224
786775468
787902406
790756338
793493095
797724133
801805513
802283321
803468536
804640290
811256084
821081676
826658451
828081424
831201819
832760931
834204294
842285836
846941925
848122956
856655854
861909247
867775512
869901318
870253134
870467711
872276694
872396908
873344581
873366980
875579721
877580303
879875409
888166064
896078334
898242376
911629460
912900075
916221196
920869612
935721643
937930432
942044066
943565272
946004301
950251316
954809282
957307897
957718145
968099453
970902996
978575657
982295823
984666227
987897784
989204452
991368470
994135131
1000417292
1003958729
1016882010
1020925935
1022627092
1025689775
1031810904
1037286701
1040416485
1041672046
1041918373
1047903231
1053173417
1059244438
1064299282
1067020456
1067922399
1077768232
1094867367
1099746846
1126642838
1127607003
1137457265
1137822011
1141214147
1143543393
1153710041
1155342426
1158557671
1160967869
1163698915
1171370800
1178213014
1183653882
1184133573
1184473790
1184841482
1186905511
1188575251
1194389799
1194409968
1204210862
1204979742
1209810092
1210836659
1212102582
1214223773
1215507400
1230925385
1234878895
1235034151
1239408846
1248371171
1248842657
1251245539
1255586082
1260401897
1272736249
1279656302
1286513022
1289608410
1291349535
1291680906
1292366107
1293340225
1297494105
1304408183
1305336046
1310317142
1314032674
1314772156
1318394764
1318629146
1320609276
1330966185
1337472201
1337965744
1338221887
1342677749
1348429151
1364452841
1369708542
1371047554
1376538360
1380340871
1385987484
1396742759
1401224490
1401539780
1403621989
1405053924
1405554041
1406055613
1417676888
1418681247
1419743850
1420852818
1422709291
1430701894
1440737793
1444332194
1446874563
1449285174
1453517210
1453774755
1455004150
1457000091
1458020675
1461094498
1471350429
1473676360
1477645057
1478755257
1486109448
1487003570
1491242640
1492834516
1500656269
1506686793
1527272102
1528459469
1530817237
1531093690
1535440959
1539599383
1543774598
1545843563
1548041244
1552851709
1560344975
1571215324
1573568276
1577607603
1595474707
1603275075
1604173913
1612163875
1614872767
1617046227
1618256169
1622888832
1633007934
1640655896
