-496609260
-496580167
-494674752
-493822379
-492323622
-489228024
-476490311
-466792961
-464804753
-461356601
-460720753
-458698394
-458596239
-457598975
-452805347
-446254765
-444052736
-441499279
-430832125
-427480519
-419774387
-416817987
-413047726
-412889137
-410976615
-410911403
-406177392
-405928342
-405782830
-405686977
-405212759
-402954671
-394572812
-394549086
-389648869
-385902385
-372534698
-367284943
-356327740
-356308356
-343192250
-336766518
-336671610
-335640561
-332709202
-321359016
-315181395
-311497074
-311183944
-304508720
-298569012
-298175095
-297255475
-296036519
-291161413
-291000768
-271793427
-266622601
-266429273
-263094374
-262485748
-260241877
-258765951
-258507580
-257344780
-254103653
-248441017
-242245683
-241423391
-238977593
-238273131
-237489611
-236286254
-231381156
-230004953
-229226155
-223911817
-220133026
-219416944
-215390791
-213714397
-202812475
-201600764
-201219629
-193676887
-191994508
-187509017
-186640326
-179852331
-173667710
-170725707
-168401204
-163843515
-162020069
-161632305
-145246556
-141735347
-141523975
-141355122
-138089886
-136920487
-131939166
-127325776
-124493300
-123414084
-117073194
-114557556
-92920206
-90156210
-88964086
-87772668
-82181417
-81316560
-68918660
-68664287
-66737061
-66721090
-61601414
-54763559
-45871889
-39959571
-38088471
-36185693
-31375543
-31199934
-20679874
-20645644
-5384105
-3173842
2526245
8367259
12506048
22302296
38828536
42784737
43256370
44995073
49568680
52349304
53823893
54708174
59564475
66354321
72654362
82563003
85671331
86781531
90201364
92960066
96601593
105103484
105767829
108904699
109181020
112284125
125536422
126125012
128639925
132202039
134272776
135103546
137292950
138657277
139002619
146280545
147238376
150963977
158972374
162840762
169018384
172868923
174296413
174811406
180832439
184223179
186728862
188140074
190719285
193551761
194632511
200683772
218222264
223974027
233695747
235299022
237564850
239776064
240624270
244044104
247097004
247878425
250020301
259615755
275625291
277904624
291825453
295332916
296358423
297363394
300163431
303819616
304278778
305948076
309514028
313888411
315457972
315619070
316603642
316973827
320806611
323673178
324131205
328252605
334452495
351659840
352250942
353836989
358275433
368065524
368817231
375370752
375423825
379576789
384553625
385637653
387511895
389893596
393247242
393302163
394233122
395915786
398102650
398587479
398886739
401995534
415593852
416471247
421474589
424179321
427166666
436073321
436382837
436507993
454425182
455141879
457544754
460679820
461440660
468847342
469436938
480911901
483430645
483501434
487223698
489575205
492174309
493704429
497142140
502143216
502697438
519810160
520275736
521868193
532661604
532672410
533553323
534409403
546186731
555891345
567864175
571730262
574957084
575711009
578347824
587701824
591036068
593029104
598345909
599918860
603673636
614392066
617147346
617321065
619639611
622437156
623024787
624889366
625610309
630200212
630746801
649681162
656908987
659687061
666437571
666765184
673823061
674430850
679672663
685201728
693559743
699664320
701105622
702674710
703647271
706724105
723145932
731626736
736572484
739627584
743684128
752379415
758869009
786067523
787876156
794535618
800127553
808633691
813255466
816800653
818660719
828292182
831013869
833169835
834245468
838497219
847165336
851917467
852555929
857764328
860583517
876846299
883430082
891576236
894263038
899184256
902179291
915604459
928803356
933977261
935511033
936902556
938248622
946482228
952639765
952759761
965703329
966015082
971096811
987182736
988610226
993008649
993676881
997254796
998942611
1007682268
1017802950
1023164368
1033413750
1036815109
1041176806
1042875900
1044511075
1047072785
1051909417
1052420226
1059934067
1060465543
1070345360
1081874311
1085419497
1085627265
1087237532
1088054528
1091141727
1093472543
1097007563
1097892237
1100207872
1104393525
1118011414
1119752215
1120867909
1122310386
1123051265
1123562002
1125554155
1129101942
1136647666
1138260615
1151056137
1164836555
1168182161
1172579539
1175683897
1185718075
1187256990
1190501701
1190837512
1193250663
1194132185
1195441043
1195911314
1196498324
1206106820
1210995021
1215419954
1216028981
1228204986
1237277813
1237359911
1245363995
1246107952
1246967332
1262571004
1264733017
1264769854
1265205766
1269305333
1280390153
1288066531
1295924139
1299881149
1311115790
1312319486
1323100712
1332491648
1334942419
1336886728
1338337971
1338689306
1340611148
1343181737
1348920884
1361489070
1366993342
1368637584
1371511561
1371613126
1375544151
1376346180
1382167440
1382853772
1390889683
1399676100
1403326325
1403428976
1404005991
1406363461
1409621712
1410154960
1414594621
1433986442
1435210430
1438643858
1441423658
1441538813
1452325580
1453195361
1454920178
1458726164
1463235792
1464352030
1466750914
1471931061
1472420530
1479102953
1489480506
1491801256
1492707059
1498864129
1506030161
1513780107
1515734825
1516563121
1519000513
1524473471
1527243406
1542870017
1545515148
1547738187
1551835177
1552269813
1562304922
1565458486
1572979880
1574036589
1578387995
1578566128
1580854219
1584258982
1597221823
1604874281
1608093131
1610763016
1610851776
1613365733
1631144651
1636581726
1639720592
1641945707
