-488695641
-487216941
-484782350
-483718885
-483630155
-483513707
-482948415
-478392570
-476609337
-466645569
-463524510
-462557820
-459615141
-453498203
-450104499
-444059076
-438114701
-428942458
-417319888
-415467796
-412559117
-411403420
-403792649
-395294081
-391254496
-373364425
-366443690
-355046263
-353026443
-348535165
-337712106
-337663147
-337569470
-334489994
-331966860
-329708595
-324226520
-319272344
-313892735
-310304820
-309518670
-308855320
-308803783
-306577213
-306022861
-306000710
-304596027
-297933693
-296079208
-295919164
-294800684
-292065895
-287759815
-285949629
-277592839
-270608331
-269447476
-266916277
-264809780
-260442587
-257558468
-246923387
-237224158
-234033864
-222436168
-221807492
-221708239
-217442149
-216264118
-213686344
-213209140
-212236267
-211746949
-200200061
-197885073
-190174119
-187322729
-183931686
-181690810
-181581380
-179970973
-171518003
-166151693
-163616816
-163386743
-161737785
-155452539
-144524849
-138125793
-128944165
-126488233
-118678744
-115044280
-109269852
-101650303
-98132917
-91726605
-90170425
-82742636
-71697011
-65458002
-59992644
-57146000
-50050192
-47438620
-36893647
-30313525
-24837651
-18639642
-17575513
-11777807
-2229108
6736825
7872732
9083429
17986608
19614992
38162474
42355880
44713275
46997027
47684218
50655978
62801717
72021520
81174679
81221244
82522512
84081244
90419697
92112651
92479039
99693987
112578651
118707099
124146917
129311561
144376267
149546651
153561538
155833160
164531776
176764331
176952202
177301926
177860580
180312161
181119131
182617112
187584422
191375925
193974605
196098705
200993247
202293998
202893522
214259374
220126718
223001971
227756081
237351842
237626113
241534159
245368229
247211888
252263409
258641964
259660078
264408731
265636607
295908494
299878639
302957917
305544353
328092688
328986799
329906064
330284060
332777710
338339348
342109277
343264520
344706218
345013710
349264003
350912812
353806455
354620463
356238061
361680145
362601656
364182046
370775563
378903511
382501634
390872098
395750550
397895397
399427429
407904229
409652518
415674582
416535168
419705478
423733378
426716487
428062726
429995986
431752818
441699784
443768073
448440235
453844564
457793558
476664436
484347131
488641950
491074857
497140686
506049124
507184360
507277511
512437101
512869243
517247508
522159376
530775995
532180567
541327445
542433014
545955960
553250133
553381878
557813739
560880415
569820713
571849279
574140385
575785172
579475536
580788326
584697280
588523184
591182553
597778786
601820883
601881368
602249864
605928280
609495243
612480474
614361819
615594923
615635188
616128810
617020918
621331749
625471113
629371038
632684699
637768328
648540304
656838234
657291926
657814670
662603708
676601563
676604391
676991261
677748459
682757514
689421943
696972692
698457215
709910517
711172771
711802274
721918175
722329789
722694470
725544798
734733944
746754683
751558652
754228269
762638892
768216175
769633659
785159692
792362781
799972733
802781474
802915448
810512743
816253848
816573444
818172460
827170455
829691843
840178989
850216581
850278188
856000828
860788664
862879513
863485170
863767613
868625790
871395318
873383010
873794624
876961679
879462883
880424301
886324819
887533747
889295964
889411577
889822840
899355003
909055632
910659362
911955571
913310039
913717969
914130797
919043095
926283166
934053809
939849777
943636237
945320868
946797325
951599830
962987130
963020233
973415491
975264453
976146352
981686342
984791338
986837089
988778917
989640577
991570635
995286920
1005830502
1006010422
1008026772
1008212129
1008558313
1009307084
1021067876
1021658420
1027437933
1027668256
1033744508
1035671729
1045471647
1048454788
1054713926
1057709113
1059866270
1064275954
1064694918
1065836505
1070051199
1071011345
1075618491
1080247068
1082246977
1083777807
1085141224
1088359040
1090058277
1092664486
1094115933
1096862331
1097145706
1104963320
1106016843
1109554777
1121334068
1124535139
1146005542
1159595248
1160341662
1162944351
1164344145
1175873393
1179598490
1181345668
1181758873
1182011099
1191424345
1196275821
1209457761
1210171034
1224750600
1226394502
1226414099
1229220534
1230146209
1237297171
1239035914
1239814438
1243806378
1246473744
1249964749
1250221085
1252247778
1255054144
1278945451
1280545197
1283645009
1287454745
1287590802
1288243667
1290341726
1293991761
1296585278
1297704700
1300016134
1300166389
1317329027
1321442763
1325656873
1326219339
1327237872
1329552860
1331785303
1348473084
1354797194
1355219248
1357127119
1380537541
1382696246
1385328224
1396714415
1399941967
1400104774
1404209926
1407056588
1407077742
1414226377
1414584632
1415171521
1417731704
1418586775
1419079536
1424723821
1432749833
1442663679
1443389982
1446101145
1453300879
1453558385
1457856749
1464110829
1480105859
1482611504
1487332889
1488569553
1493845863
1494396196
1503138401
1505245794
1507658921
1512740591
1516448347
1520822518
1523433887
1530685090
1531222027
1536492832
1539972090
1540998854
1550175236
1551662965
1554612690
1562685442
1572791879
1577811273
1582603848
1593941258
1600127622
1604748169
1605739665
1606251903
1608594309
1609128336
1609938266
1612903042
1616674016
1617427509
1623676661
1632683493
1633043861
1634745636
1639164255
