-497613230
-472259659
-468705211
-468127576
-461536126
-449975562
-444888917
-443418498
-440551199
-434103839
-429844413
-428881408
-428343115
-428235841
-417438045
-414054502
-413286197
-413082437
-411767967
-404621233
-389945939
-388202439
-384559798
-384127894
-375956523
-368429772
-365629913
-358003622
-354744875
-353503211
-346052798
-338697528
-333751096
-332183797
-318150254
-307921453
-303472334
-299688940
-279764680
-275407159
-268125816
-267441118
-264833150
-262777416
-256671030
-250501532
-247291978
-236937208
-233973350
-233095286
-216740215
-216188252
-215450551
-209159817
-205613342
-204028272
-200588382
-199358413
-198088100
-196339014
-188863796
-185241909
-184978587
-183784608
-179428856
-178552241
-172312379
-168269149
-160602456
-156739451
-147501310
-146655764
-145653426
-145382076
-135778283
-135771457
-128532988
-118386604
-115617326
-115114922
-114461133
-111771642
-105599443
-93443224
-90140123
-87773924
-83442655
-82010250
-76900559
-74719291
-73818520
-71549026
-70383091
-68191466
-65592888
-58773147
-58700512
-55190140
-47334957
-43316376
-38494441
-33918818
-33386336
-32662841
-31886552
-28908916
-12040569
-11854662
-10297670
-4901632
-3213698
-2955132
-1934862
1297288
3837677
3866206
6658034
9684846
11794707
12852621
20448685
23797108
26596674
28217051
38471068
54083627
54929233
58350383
62876442
75199178
75495784
80084962
84496834
93481564
98017876
104901629
108231389
110131708
111323980
113860813
114958166
116043832
122530140
125803677
128524491
129096910
134014146
136596416
136896099
139726136
141193304
147673978
152395411
155404982
155429627
163640161
166281296
168695935
171210637
176590438
180223885
181738849
182017760
182949423
188864849
193671625
199306444
201754259
203739656
205638595
218564776
222697506
229939322
241375125
242957275
246422603
250808395
252651189
255780740
259841735
260546734
264681348
266009082
273002984
273694222
274733386
281605571
286206709
298424619
303408594
305528031
311150089
313951060
317874286
327187235
328661470
335363334
340333586
351210682
353262456
353479943
358922904
361318229
369180996
377838632
399684063
399800585
400633182
403183406
407368630
421202486
425026616
428974510
434725783
435055830
437014707
437318845
437782917
438500333
440244532
448315566
451753139
453414018
457467243
462539750
462589780
462922496
469334618
479131866
487731212
493693102
495203595
496541156
500493298
500563923
503023047
504103295
505341825
506174422
521084891
525318482
533209015
535029369
536932175
539558941
559805833
560020520
562681433
565573570
572070583
576722161
585143671
587169464
587936093
593513677
599085389
600533647
602875902
604768712
606997763
607156497
607361220
623261402
625852196
630683518
635122121
641462727
646948069
652106249
652979379
656821279
659696012
660423280
667820105
678495689
682001656
683925618
686728214
687330668
688698235
689894780
691289791
699819397
703345495
703589887
710696754
712088248
713044144
730462744
730916706
739427053
744254563
745022081
745127488
746451555
750552123
751966979
754418510
755177913
759529757
759858615
768231530
773501083
776930268
778292464
778323979
781671337
787400115
794904727
795307096
807711631
811885968
813682111
815418834
816179070
819610581
820878944
823111222
824992478
828405138
833745082
836872082
843573547
848074882
855155990
859039784
867976263
869088734
877572220
889663008
889681750
896220618
910658749
922071484
923863477
924505102
935736615
937642236
939890880
951584079
951691671
952312284
952449173
953688185
954352583
969168193
981526890
992062726
992183520
996759747
1010393524
1011560500
1016327966
1018014603
1024004728
1028762615
1029292324
1032187234
1034036440
1034575121
1034592775
1038323537
1053427504
1056330410
1060043494
1062469522
1065859855
1067251961
1094307572
1102242481
1103860287
1115451464
1119881734
1125653885
1132837938
1141495118
1143860667
1144537358
1147451256
1150814275
1151400339
1153842973
1162824755
1163475392
1172217987
1177176741
1178277354
1188334659
1197419289
1198493445
1206240006
1213897150
1214836696
1218172316
1218627147
1220391678
1223435308
1228435210
1228677659
1236625542
1247273151
1249111899
1256632028
1257007878
1261646421
1276587986
1278370609
1282970568
1283706035
1288947771
1290003095
1290074915
1299902064
1300433768
1305661922
1312531892
1312965372
1315157418
1317548317
1321490284
1330906650
1347962691
1348684664
1364596370
1368501001
1368783898
1371813940
1376528520
1377194849
1377721081
1381759943
1386642047
1390960297
1400247986
1408004328
1410836236
1418474042
1421572444
1422376476
1424258207
1424512210
1429758719
1430719390
1433555863
1435645065
1436449054
1442131026
1446219555
1447521653
1451612585
1454893090
1456943089
1458126091
1459126236
1463402894
1465945543
1470823816
1472703765
1473959896
1480977781
1484852277
1486193484
1487703929
1488321510
1490506404
1493066956
1496615551
1500470293
1505254686
1508893559
1512128497
1513650397
1525972901
1536772003
1536894839
1540821114
1541942408
1542071331
1544939414
1548781768
1562848295
1569910884
1571680769
1572268482
1572566636
1573262880
1575894235
1579886091
1581779446
1592850870
1593608172
1594777623
1597629786
1618393878
1622540268
1622860713
1625870263
1631219097
1636760114
1644822735
