-492720956
-492463418
-491342702
-490042102
-487256927
-486929228
-483510062
-478094836
-474998757
-473233346
-467353496
-450816993
-449088595
-441865741
-440811574
-435219982
-429676225
-429027282
-417183587
-414687247
-402872492
-398613811
-396038304
-395512220
-377932188
-376918537
-374794814
-374005607
-373300044
-365533886
-362336938
-359646656
-349548363
-347352707
-347217256
-343017984
-335948615
-324851585
-323799592
-309389224
-300453365
-299543960
-294244679
-288352033
-285207655
-282418973
-281645712
-278681631
-273533966
-272768607
-268406378
-261259941
-260201571
-256736901
-256514651
-249958171
-245014382
-244421835
-235478409
-234821959
-230509935
-226566507
-225850916
-223271961
-217655180
-217398225
-216353010
-212453530
-210272119
-200004087
-191534035
-188532892
-176757824
-174719935
-173405240
-171291674
-170937155
-160724913
-145738786
-143690519
-140122500
-133298332
-129328245
-120462966
-118209116
-117945383
-117513693
-114924635
-114863508
-110308968
-109944505
-106402022
-100794232
-99997325
-93239487
-91898979
-84536176
-76415306
-72503722
-71549913
-66991243
-61272071
-60433537
-55361520
-54885416
-51476147
-50840357
-48205614
-46428277
-30880301
-29821514
-24996214
-24268297
-22922222
-14264055
-12358466
-6488586
-5702409
-3510345
8810854
12404988
14122179
14423502
17643849
19995544
23973504
26650701
27524253
28538497
29981211
33069579
37394846
42879563
47876479
50462688
52649968
53775398
54982454
61638588
62905098
69417780
71178053
72236766
75747268
78772003
82058423
85848471
88262206
91020956
100190188
101480570
106551893
110723921
111528144
111730339
117344937
121876862
122784539
127685116
128220277
129992082
131248104
133119314
133371827
138095669
144820839
147550349
153196272
153623546
166697581
166992327
175642250
179025780
179704847
194415637
199364059
205173252
215371921
230112305
231321823
233246730
235846516
246906525
251509935
254329567
257379847
258441658
277914580
278873310
285877651
287193859
287813744
292045844
293309042
294750898
297883272
302673864
303584649
306559441
308157839
319775071
327296799
329134475
331996654
333278687
335809604
338392377
340804343
354882315
356449957
356575971
361569973
365362211
367310768
369035547
370104553
379239002
380854894
381764299
387608462
398381415
402649476
410777489
417210639
418013929
420735387
424706696
426773732
431189105
432951844
440120536
442572267
444142991
447896833
449126173
449851311
450980584
453191309
454005184
459061982
463161433
475174554
487109358
488978670
489901832
490377531
491171603
495769721
499398320
506422709
509358715
509626871
513193610
516687977
523151508
524453769
531082724
532024797
536572142
542605425
552063664
553065124
553813007
559175150
559928939
561955056
562369758
564079566
564541784
571584417
574120638
574331359
574970288
576650565
577010178
581906124
603072815
612149617
622213825
624163693
629661896
630357541
636300364
649718236
653598292
653953217
664457000
665513792
668943645
669312229
674749199
679845676
681940177
684476164
687127677
697412822
703436361
711064914
711242818
717206552
717910602
721013039
728777099
740196428
742315454
742677421
761082972
764756590
788316688
803882880
808564616
808873077
810324937
811419462
821424964
822293521
822555189
822640496
831804102
836768105
864993551
865053488
865797546
868900242
869005025
869454944
875305840
879093073
890401455
899668255
904442494
911558426
911941706
916396837
922922082
923734457
932660921
935686368
937654405
949592548
954070724
960317764
966175389
972027117
972469785
974359743
975169385
975998657
982609850
983102592
985291679
991913440
993587638
1003138285
1004555020
1005483425
1006330789
1013649920
1013687101
1021419593
1029028418
1029773750
1035420559
1045226474
1046024540
1069612656
1079383002
1079711754
1080031205
1081094570
1090846549
1093421355
1096938635
1102013536
1110712372
1115073291
1117392453
1123281092
1124811380
1136482361
1147153977
1148297450
1149393267
1159709914
1162136340
1177907700
1183314756
1184041504
1184285051
1186819462
1192811244
1194860391
1196884504
1196941565
1198569765
1201966064
1207450673
1211595961
1214919688
1220253259
1223624261
1226312604
1226967307
1227662761
1229946276
1230950818
1236002470
1258957421
1267193669
1272084259
1273061805
1274541665
1277618162
1301196390
1307884211
1310168072
1311448309
1319458033
1321203227
1328996143
1329133786
1330825047
1331252383
1331476789
1343280858
1348949217
1350512485
1352854166
1354824776
1365099993
1376907430
1380585626
1383904133
1386891110
1387814042
1393656398
1399310765
1402388397
1417442973
1419829743
1426436836
1441073084
1443886896
1444121483
1447601509
1449541273
1451742389
1456258807
1456308565
1457952340
1463958938
1471826936
1473671631
1481874310
1482769619
1489300152
1491378891
1491598079
1492751016
1498550293
1501662575
1502398493
1503571141
1504117312
1508958923
1513855646
1515655280
1517235498
1520356355
1523191863
1523283767
1525465238
1537166939
1537979192
1548030805
1554085540
1555445460
1560731991
1562574937
1567346044
1568736105
1576616916
1576869424
1590925014
1595362346
1596941815
1599674901
1600543083
1602567280
1608367222
1608490398
1608955859
1615646266
1617681754
1618371517
1626959465
1633198933
1638602740
1642079841
1645359925
