-497069515
-496666426
-493364296
-491537233
-489032494
-487576101
-484860505
-484449929
-477598454
-474103032
-472860790
-472669456
-472279434
-469981199
-457552142
-453486524
-445960940
-442237377
-438948799
-437259011
-428545767
-428472173
-423328448
-419131787
-415232136
-410401917
-402045484
-395260765
-393599621
-383039459
-374640818
-369743307
-366514011
-358628128
-356918438
-353183448
-347080105
-316655867
-314963474
-314667060
-312165053
-311577932
-309040409
-296348349
-295946824
-293435748
-291444569
-289874246
-287275211
-282854339
-278878626
-278300223
-277784199
-275625872
-272695387
-270644038
-265861561
-265186630
-264984861
-252762730
-250586594
-249630035
-247630779
-246922272
-236560534
-235859221
-234594860
-231163056
-219525026
-215017021
-206041027
-203708352
-201378139
-199873710
-194403012
-192340580
-191069437
-188465298
-188093891
-181315837
-180101931
-179400823
-177946099
-174727126
-173094995
-159177055
-155471627
-154530767
-150346746
-146949191
-146134807
-134426238
-133311230
-123522313
-120457869
-118968422
-117049011
-116187928
-114230092
-114110268
-106536392
-103957129
-102560866
-101613336
-101468092
-94578917
-92151245
-90708256
-86190643
-79684446
-76431496
-64500384
-64038256
-59297309
-59208711
-55878287
-38613712
-33847348
-31261403
-28428020
-23830459
-19180428
-17254348
-14526036
-9144702
-6275633
-4977523
2178370
2344341
3381847
8434124
14812770
14951365
22461871
30664459
37209326
38047607
39499966
43798921
45410149
60549645
60625909
61043444
61901512
70717774
75506854
75948172
85443083
86400483
87521107
89491499
96268114
106364737
106562754
114834503
115058395
115971960
116253116
118261771
118810453
128995869
130605043
132078736
134400669
144844466
148747127
156807506
158226202
166215294
169233631
172624786
172745092
175509345
177827769
179334810
188165864
190600438
193780419
194029396
196475744
199640395
214149999
215940941
223025068
223878147
240652596
248913430
259827102
267487032
270699609
271249975
279947601
280790391
282052560
283079171
288035177
288513932
305032623
310003762
314116965
314166338
314724922
319437195
319765263
323274369
330607009
337093334
340224239
341382827
343232147
347230432
347617733
349251100
350297285
352397260
352411767
353406057
353698101
356614196
365436781
371883203
372606904
378518907
380736601
381677660
383830686
384613300
390965022
394973431
397243911
414024158
417391711
423001279
428587073
436053737
446267618
446476750
451051943
458915193
461236054
462767574
464056149
464412663
464799221
465296348
472164586
474955474
476607110
479551388
480871333
491776715
500114754
501746135
509807053
530009714
532197890
532499860
532657680
535634624
542210735
551607190
552902751
555575775
555823687
556889966
569167953
571460624
573114970
575362415
587463300
592325093
597369082
598410043
603261936
609349695
613281163
615778349
618811197
625424246
625936701
630371447
631391727
632331341
637498077
647756796
649767941
650934082
666069270
668331513
669402845
670137152
670410398
676966372
677139562
681047185
683944812
691055536
692765220
694554957
706331560
706977956
713469555
714329623
721881631
723170478
737645775
738082732
742222907
743486744
746227119
751831362
755465366
760401704
764754865
767933287
782912373
785725167
790590914
803501041
803896387
806675667
808717749
809521636
821390219
822965699
828994716
835107195
844859968
847823450
848964406
851945255
856255985
856536539
857812870
871784594
872942214
876370764
884641608
886274786
891258526
894707187
908127365
913908721
914478585
916457315
925986426
926902484
936029400
938672659
942942826
954215226
957898855
964454880
964526926
970135813
973088483
978333408
992895229
1003336659
1018565987
1019303884
1025372875
1027090000
1032447442
1044771591
1048299849
1051112132
1053632077
1058713838
1059787721
1060398557
1062704577
1063948110
1067848100
1075512611
1078001405
1084610806
1084816574
1085823014
1085933743
1086007589
1086405165
1088018565
1091668677
1098228895
1106252931
1106857409
1113493114
1113841657
1115230871
1116269701
1121427745
1121765038
1122367492
1129318548
1130777774
1132862941
1135265610
1137781315
1146623835
1149385805
1149698036
1158189478
1159390061
1171564075
1174139754
1181533585
1183333650
1184002456
1184966122
1188091320
1193216110
1193884546
1195526554
1206195609
1206695509
1210437006
1214348888
1224027920
1231180596
1233869592
1234085940
1238051892
1238798949
1240444882
1252848452
1254662586
1255957099
1258831946
1262936385
1265191102
1266018567
1269653693
1274151204
1276236193
1281881653
1284510423
1293312486
1298231477
1301332756
1301481581
1305147378
1307564975
1308356734
1309957315
1311899115
1318420082
1320948882
1325289149
1338910700
1349021602
1352428359
1356053475
1356430945
1358874954
1364342633
1365291548
1379421642
1384139749
1403872612
1420345403
1427566795
1431903551
1433284850
1435316497
1438466581
1468681889
1476521173
1485087178
1488563315
1495550354
1497494238
1499547798
1527888736
1531521922
1535275537
1536273243
1540214716
1540711696
1544935657
1547135580
1548654554
1553559875
1560401638
1570730497
1571056100
1588124688
1589205553
1592385459
1597089273
1599167603
1605899261
1606789378
1609299346
1613549116
1616886268
1628818958
1637791349
1639211898
1639423269
