-498055698
-497029528
-496563001
-494775546
-490569667
-489003543
-478656839
-468926784
-461183776
-453107799
-449632086
-444822057
-442782345
-440043719
-435866508
-433281770
-429914209
-429737570
-429597923
-423352645
-422529152
-421983103
-414389987
-414303603
-411071150
-408878431
-408810374
-404512833
-400077048
-398714977
-389023401
-388117988
-384000695
-383905792
-382946543
-373025658
-368283043
-364662281
-361800322
-358862283
-354213063
-348910144
-340655280
-332409830
-331278130
-325926174
-323720893
-323074992
-320106099
-318621324
-301447436
-298866426
-297944051
-290014539
-287538219
-276463789
-272170747
-267793210
-266345343
-262255014
-262005819
-247836018
-247699742
-241679784
-235763829
-233593437
-228773267
-226431922
-225641131
-224641151
-224058868
-223140651
-222696849
-220368347
-217836530
-217436081
-204120749
-204034676
-195918204
-192007713
-189985394
-184202550
-173088197
-162665845
-162234131
-161174578
-160563877
-158856214
-154325884
-151123472
-147825392
-147781883
-146006514
-145115511
-137653212
-134671950
-132011825
-129425282
-123772350
-122145058
-118547896
-118528688
-111405581
-110701851
-104696275
-103532419
-101975532
-98863825
-95257710
-93924173
-77678529
-74794169
-74521876
-70692249
-68783030
-66746964
-61121440
-53904913
-52206454
-49647910
-49114660
-47524993
-44097174
-43282706
-42044358
-41511423
-39107709
-37096344
-33772608
-30883327
-22461613
-22267422
-20006765
-18061745
-7967082
-6066513
-93719
5043616
12103855
21261002
22027092
22854002
28851471
32485245
33333533
38360762
43717457
47069172
50529227
53434412
58076152
61678212
63939651
67456838
72880216
73839448
80022928
86369521
86636935
89329235
96510702
97168404
99734835
100874428
107550349
108305896
116451307
121795691
133272919
148079812
157999104
159298677
164988124
169931475
171085350
173827388
176285142
176564973
176601748
181608009
183549879
185431232
195363594
196558313
211639867
214772607
233113126
235492730
236140632
251284122
252188741
259326254
265626024
267798568
272410418
272835013
274948254
279422853
284889260
287085404
294492050
297646232
298245411
298507663
301399056
301658745
302357158
325004820
335629863
336505190
337218401
338449493
355061459
361710339
362641155
369373873
373424099
374201700
387915347
402649975
416194446
418179682
423534848
423924869
424080208
428902006
435845911
443494876
444083989
445591734
449579526
450982415
454633577
455109242
455211112
460480504
462999259
467847696
468949089
470621685
472449035
482933266
492082593
493444691
494211343
495764973
501341698
504972793
508578592
509037733
509159602
514512019
518027344
525355223
531894870
535806882
537938853
549158670
550307103
550759282
551805730
552129142
553457709
553491967
556218846
560070658
564518396
564978459
576221388
578358963
580809330
587569760
587633966
596088347
600503584
600805151
606856596
615752644
622571385
629822627
636628905
639044405
644942822
646690165
655664489
656689526
665066768
666986796
675708925
681593819
682880223
686290276
686492722
689220761
689929721
703366606
707599959
708318259
709945948
712526287
725473816
727566874
758990766
763349404
764641460
777439402
789592017
806634576
807033615
812149939
825447721
826939424
827610255
836103800
836279686
843746216
853481354
854086757
863059003
868990436
869345715
882813010
894195686
896766131
906291364
907181159
909972583
910028934
913371729
913555543
916525374
922417446
927294265
929018009
932115932
934870379
954722815
956448301
961206833
971588177
976377155
987373612
992470713
999599276
1002372729
1010892503
1020822797
1026997143
1028794152
1030298735
1030434142
1032619582
1039905873
1040881346
1046191034
1046819446
1047566030
1048385634
1050452445
1053178766
1054883972
1056491912
1058839432
1063273025
1081525662
1082463846
1086173598
1088528127
1090593462
1108356709
1110510016
1116615508
1116641255
1117342891
1118602114
1121562614
1122067766
1123974691
1127268088
1127850343
1128648511
1130955293
1132098143
1132559071
1134879227
1136101491
1136627081
1137314484
1139071963
1142786944
1144931568
1148930113
1161042316
1162075670
1163376167
1175860446
1187474087
1195110032
1196021690
1200568556
1204887849
1212731778
1232123046
1236451430
1244122982
1246758765
1259399276
1261752671
1268965186
1269915736
1273372664
1276408229
1282358697
1284933061
1288618952
1289962445
1292510130
1300568063
1312597613
1313732452
1327712456
1328587576
1334682205
1345081026
1357781817
1359612757
1361190591
1369162098
1378806128
1388690031
1390939534
1398673367
1402805147
1407250330
1407973648
1409943249
1412469621
1416302614
1421778464
1422142402
1427173365
1428507642
1437214721
1438023552
1444134193
1449696976
1453038565
1453903649
1455565043
1459401921
1460022803
1461080332
1461297494
1467524130
1467625702
1469075444
1472463948
1473912235
1474315350
1475930569
1480009176
1482732052
1485548520
1493773462
1496359217
1496636686
1497598641
1504343905
1507583977
1509953085
1527517655
1532525863
1538579291
1548142927
1552387656
1558422597
1561187650
1566412842
1566850012
1567969729
1570466382
1572740480
1573266832
1589108493
1590299690
1594452877
1596827539
1599005147
1608275804
1611556704
1621590785
1621934607
1624033970
1628923349
1631149977
1631364941
1634310919
1642139264
1644142059
1644330003
