-498825305
-498399731
-496154050
-489485232
-481895044
-475036234
-472949264
-467462274
-465113876
-459597202
-456960435
-454831230
-448804513
-445175044
-440629623
-437961194
-435921450
-434679633
-434040428
-433332458
-433323606
-428108960
-424964313
-419168897
-411537106
-404986665
-398117231
-397560669
-394029178
-392247081
-385125603
-377990326
-377615728
-374542364
-372768818
-361491452
-360466580
-360102494
-350255166
-339106694
-331625353
-328341197
-326475177
-323862619
-312091572
-312080363
-305542150
-302651323
-294809103
-294030085
-292930230
-287710386
-283263514
-282602393
-280179959
-272156982
-263557379
-262779876
-253652335
-248471924
-243334217
-232358891
-229368924
-221196271
-218083134
-216101409
-214659229
-210381763
-205846229
-197453595
-193537049
-187325826
-186984793
-181725037
-181722299
-179565928
-172023641
-170402859
-169081281
-164630273
-148151085
-146303213
-143840773
-139724171
-138433038
-125556755
-123188102
-120046141
-119806970
-111983879
-109066005
-108238102
-105010593
-103617760
-98551237
-93890672
-91703066
-87540985
-82151866
-78409046
-67486215
-58922592
-50771865
-35244956
-32642914
-28539502
-25301767
-20748771
-19933056
-14850967
-14655456
-9431002
-5071086
-4902556
-3925651
1224525
1463251
3050168
7424213
8150449
13443662
13980475
15841184
17158187
22322214
23694181
23929154
29325824
35365532
38372522
39768552
43036574
46026516
46142369
50945171
54791121
55170238
62214209
67965390
71346149
85194169
85580422
93207019
97293168
105203836
107471823
107687303
112835585
115303655
117147219
117394087
120277276
122411998
123147168
125545787
132254572
137595379
137775941
139156787
139875366
152639833
153591767
157910971
162367690
164448996
184094786
186210805
192163157
198971587
206362402
209106458
215824294
221092844
221624751
231379575
235917013
242674191
243046170
247653168
249253437
255136667
256832675
263272377
263883673
265314067
265747736
287372407
290743431
321634066
321966414
325799738
328249893
329683701
334049969
335788775
345299891
350255016
354132114
359362610
360548790
363987062
370831942
372021102
374218562
379347940
383396624
388310460
395774828
397717420
398172803
398892115
403436274
409393297
410096961
412528686
414187567
415075276
418732988
418790310
425837425
433578618
434403960
434757960
435038318
440711348
449368290
450801192
454939663
461851713
463753955
465050775
468130098
469022506
471021431
472359634
472440793
473044619
478396865
479101497
485998234
488684198
490323947
493821534
499406793
504065263
505476580
506965522
510187350
512087101
516568004
517784502
527381422
528325632
529086997
533388845
536346280
540019884
542040542
544140427
558323731
566786355
578925447
587179993
587238420
588286613
590334612
594881476
595996848
604603467
605039015
606523183
611175699
612323001
613078959
614718441
620223833
627571325
627824698
640841400
644885019
649979017
651722643
655085279
660268062
661401492
666721793
671359952
677843241
681677426
684210437
699618283
703972907
705350223
706486236
707390829
707929511
708907021
712017823
716034219
719068502
720119611
729924941
732414386
738576326
739818753
757600300
762264673
764811066
766658118
772283996
775351105
777478028
779112871
795198173
796352659
812632587
817684495
820951271
825320917
826490416
830578702
831405901
834721482
834894468
848947804
858743554
860516459
861179643
866972173
883986095
891281280
895899069
895989462
900157767
900475891
902076160
902140699
911616012
935432971
936917138
941067839
949578643
951661190
959706106
960396848
967382668
971095405
974071599
979250446
984718995
986415410
986620748
990858448
995476927
996444083
999830555
1006939832
1009692416
1011613476
1011640155
1014471632
1023423076
1023952078
1029789828
1030548479
1032452628
1034706286
1035886969
1048095970
1052047662
1066200927
1068477047
1083126189
1084158369
1084935820
1087667240
1088348274
1099475063
1108017766
1121577477
1123785978
1126156536
1133540914
1139968999
1140603282
1155730692
1158474748
1163957292
1168200999
1176286303
1177421662
1182280013
1185517306
1190911535
1205094315
1214304213
1214901686
1217432434
1218150163
1223676318
1225117866
1229883875
1230633686
1237865610
1247035113
1254207596
1260650468
1262042639
1263665294
1271036484
1276063036
1277054954
1298189588
1298407421
1301188649
1307847640
1316351220
1317089692
1318490250
1326865988
1329184297
1332920555
1337612245
1346578196
1351526722
1352349049
1357049442
1367772704
1368749008
1374897206
1375794993
1378401910
1386573624
1387748319
1395391532
1399439226
1399553986
1401144282
1403846774
1411162014
1412871855
1413862690
1419742904
1428131659
1428423095
1431862608
1433962239
1438087095
1438891377
1442006703
1444383790
1450001369
1452496196
1454866455
1455673247
1460960040
1468012554
1469895796
1470562688
1477663678
1480110173
1484213275
1489704882
1492284376
1497728453
1514976285
1518493842
1521584697
1521986281
1524086637
1527337533
1528744649
1529930496
1532019381
1532744448
1539214093
1541145211
1543360415
1550207235
1551515456
1554092835
1556943230
1559652021
1564740569
1577399926
1583804737
1584106673
1605485481
1616836833
1621363050
1624410103
1626131180
1627260485
1627332051
1627913305
1633328939
1635700726
1639328607
1639438732
1642333472
