-499996278
-499776945
-494156640
-490868184
-489181974
-485752584
-480244627
-471397057
-470991327
-465647327
-463335069
-462947137
-453277236
-446223145
-445141402
-440871458
-436163496
-432599714
-427457537
-426391975
-421941940
-414861662
-413327844
-412459331
-411792073
-405813163
-405140470
-398579103
-397619194
-388537636
-386266955
-380128355
-376985260
-366607563
-366396488
-364145416
-363483157
-363413562
-359550989
-358990354
-357304565
-357296911
-354763880
-351308164
-348100977
-342611275
-338201250
-325175193
-320674825
-314512313
-313332338
-308354535
-307321053
-307178555
-297433772
-290940181
-287471659
-283864483
-283477472
-278188561
-276226081
-273790031
-260455791
-256252935
-254634626
-249637764
-247994455
-246542298
-245517173
-233220406
-224832217
-224041765
-223790860
-223350599
-213628307
-204186236
-202260815
-199334850
-197720411
-188522411
-186289489
-185193712
-184165547
-178575260
-175264566
-173845275
-172172910
-166884462
-162396036
-160438589
-158334370
-157560622
-146030147
-143806016
-141048106
-137850664
-115174069
-114304372
-113452505
-113057352
-110770472
-109025807
-104163086
-104116849
-101070411
-97264029
-93305984
-85972360
-83786444
-77943083
-77140332
-76213474
-74417653
-73904129
-71403343
-68745161
-63930065
-51336402
-50074111
-46819712
-46049287
-44622736
-35879825
-33186752
-32034897
-30318737
-30097764
-29429740
-28600294
-14736054
-5961662
-4003057
-3918028
-1089091
10795368
11032285
13943061
14123701
16340620
21168683
26571376
27258831
30241841
33049806
42438750
48006253
48628320
48761972
49744730
50945403
51570566
54603873
63477069
71924519
83077431
99113840
108452680
122257732
122806757
123352756
126350288
128811071
132736744
140609591
141234654
151955699
152326427
153551538
157566513
161930537
163680042
181935300
186954921
209366778
209379700
209780479
218673433
219106558
222447930
225570731
227691078
229121303
230007796
234744697
237613065
244155065
246444208
246815230
259426666
261482339
265454381
268614011
269745414
271492192
271506506
274958514
276087269
277916842
277970225
280229930
285047766
285112679
286200068
286857344
292575389
294176848
295295401
298167835
306688686
308186242
312125398
326770778
332388602
333031656
343172917
344256703
345762804
347017446
361162320
364642381
365568121
368869712
379315187
381536109
382836070
384158186
388189731
394867388
399392581
402287919
403716781
406420315
412938549
414213411
416836856
421407263
437917268
443532198
443905399
445391319
453380278
457493636
460742528
464024422
464598927
471792779
474759108
478271838
484010481
488277601
489260562
491070767
503848424
504370632
504792040
505091392
515622643
523581729
531623916
532076952
537048320
539467188
542704803
558640362
569245692
578095130
580246331
585707218
594526826
595392587
597942647
598145657
601639789
601702966
603114845
605001900
612874856
614708048
616290181
634420073
636010146
636584346
637036784
640293349
643394213
652526029
658543327
674746804
675016858
682201259
684442862
689587950
690079478
695889803
697642358
700521010
704369288
705758839
723490479
727419693
734529086
735626681
739893880
741518743
741741798
742749671
752376575
753013316
753017039
755659867
768881759
770808861
772487845
773015585
778301303
781340338
801388386
802770658
804020250
810244312
812552802
812602690
815444067
815615656
820228121
821087735
826576450
830900611
832736397
849605665
854182392
854405447
855301642
856579442
857559838
861287302
861565064
864264854
866193568
866961822
870302665
871711017
875214978
879205934
886008697
891203812
903721629
909384943
909425516
913975274
914905282
921874251
938638556
938770968
943555211
946624506
951839763
957192628
964135903
971292883
974473883
978726478
985710756
994060705
1002034620
1002573894
1007971469
1015060519
1015536432
1030040069
1044338229
1049385624
1063426856
1064774186
1065088081
1069270216
1069819946
1071430787
1071970024
1094307623
1095777530
1098152512
1102060920
1103850032
1104172619
1113015251
1118990422
1129786694
1130174975
1147056244
1149757124
1150268110
1155177067
1165621316
1166994535
1172053711
1173311606
1176664244
1177335182
1183827080
1185450867
1192338899
1198239097
1204096595
1207170770
1213404100
1233932218
1239568167
1241480332
1241484055
1243373119
1255939854
1257857778
1261492628
1273987053
1276379148
1281029843
1282023567
1286986571
1289443727
1292196724
1301367147
1306738848
1310415645
1316411762
1319015811
1321039680
1321249817
1321570832
1322528541
1323805922
1326494221
1331654031
1335620675
1336623219
1342904952
1349995947
1371238678
1372129425
1375816906
1377415143
1382655472
1392152641
1394614870
1396213467
1396796676
1396902888
1402378150
1407152040
1410583818
1416748916
1418248176
1418933158
1425222140
1430002045
1430035519
1443816971
1447739704
1448085584
1452581617
1462396739
1464672793
1469086128
1483754136
1491327133
1497746667
1500108973
1509415876
1516474798
1518268369
1527715929
1533455363
1536103935
1538142029
1540491129
1544558581
1545249883
1546816110
1548897122
1549214867
1551219775
1558700800
1563308554
1566301893
1576266643
1586587238
1586985038
1590443297
1591609052
1597098132
1602478566
1603034040
1606897012
1611578910
1617331134
1620138605
1629273977
1629719236
1638631155
1641445837
