-498129866
-485393335
-484368789
-475842823
-475207781
-463503277
-460878598
-451483016
-437734412
-427547209
-426594786
-423285444
-414692746
-409999997
-405348486
-400086081
-395496161
-393635670
-387169295
-382493701
-372286191
-371695558
-369156339
-353156333
-348949969
-346311775
-344810849
-336617075
-331143210
-327904357
-319342345
-316974190
-315104056
-314607388
-307577352
-303122037
-299956603
-298856256
-297621340
-294356176
-290257788
-286684381
-286082909
-285016295
-279747864
-270467664
-261506537
-254217509
-252981366
-252702221
-251200794
-249016279
-248137001
-248010237
-242197027
-231248784
-228249344
-228055293
-220755820
-219720276
-219214706
-216718956
-215515685
-214975302
-193782212
-191230277
-185899880
-185796387
-175814272
-173831832
-170111037
-163169234
-163008584
-159660633
-152116549
-151157101
-141467892
-137671546
-116279103
-115768896
-115647347
-109863014
-103134247
-100137685
-99975348
-92006467
-85360597
-77124433
-65808182
-57858776
-54174112
-48863873
-46828371
-40126106
-37359262
-31946409
-31196129
-23267369
-20502399
-11518403
-4410927
-3038990
-1886345
203449
3138420
3892312
11047640
17950564
19627959
24432446
26227701
28266168
28865057
35263908
40351176
44353943
51272027
55788357
57071966
67536687
68382426
68474548
72383052
73515126
74540657
87131384
91250953
96013348
96342515
101370165
101629552
104477985
108413994
108775474
113935278
117100335
117383445
128973328
131281156
131653484
131714198
145664167
146016441
146553881
168517481
168616232
170397597
176744749
179705296
186390060
188531032
191328803
193474695
197821017
198614044
201011302
210850624
217608123
222486509
223772889
224814254
228271816
235007801
242435571
248824010
251190091
253949929
254448971
265297496
266829345
267470121
267748356
267806046
277444843
282384438
282555327
287809636
288978238
290137284
292155826
294563103
307112772
308902748
314809836
318519895
323221928
328556318
330432975
339813715
342471535
348011046
355254762
360626675
365064847
372803265
374517540
377342592
380275559
381382767
384556102
386565112
387528615
389328152
390804822
402407725
402732069
404009663
405392186
411317112
412842280
413248622
413406588
416164516
419364472
421225951
433295212
433582885
434817735
437393139
441409013
446582779
447340249
460387047
469463170
472208120
479320574
481813050
485875407
486212359
487348245
492834728
498149534
507900136
511326157
513458785
517285570
520518152
530672747
537117367
543559110
545115057
551398817
559959814
565665482
587239462
590006886
596067926
596340272
596598164
598063453
598832748
599334747
601742025
616927846
617334283
617975857
618057366
618714629
622722850
633365028
637526187
637823456
642948091
647452139
648483993
651788701
657838385
661876338
663652735
669072072
673812467
677469496
681722778
691519231
692880506
693618126
698354729
703165903
705932997
709708218
718242003
718374183
722400991
725133767
730723039
738908628
740067479
741869771
742212368
745771175
749922287
759981089
760081638
767892977
781404001
787084722
796528921
797634759
799102491
804643491
805440772
811185434
816308930
829984630
833005192
833579941
834400966
834589358
844249485
847883073
850053216
856414927
857208092
860257959
860507833
860980283
866062713
868374661
869457560
872251135
876220040
879926050
880120041
880671968
895038398
897301546
901323877
906003894
910946083
913870262
920533328
924018007
927372582
927512427
931615440
932082015
936388567
942491596
961017685
969698770
971744704
972553927
974088907
974493641
974659999
975343008
996077862
998103626
1005827716
1020748485
1024611542
1031964359
1037550839
1039036622
1040254886
1043353597
1046625090
1048782841
1048784320
1051408627
1055807583
1066055499
1071249550
1074424924
1075427326
1077959201
1079912026
1081308427
1081652063
1086237021
1086718929
1087245573
1090042598
1092755140
1093918822
1098703035
1102395933
1103292588
1104469471
1105369573
1106292910
1111511149
1115374652
1115748172
1130867834
1131876526
1133359688
1133885692
1139855443
1142921529
1148716463
1153764708
1161614351
1163604614
1168949550
1173314401
1185085221
1185430598
1185663986
1191941847
1193611814
1206000735
1227516294
1232761972
1244792528
1245279978
1247773668
1247863722
1251400772
1253280680
1255855695
1257817479
1263505890
1280644365
1286654047
1288837647
1291538278
1291855766
1294416857
1295366933
1296758034
1296987785
1298019815
1299969085
1302641095
1305759928
1314584518
1316440871
1317458975
1318573068
1323033333
1326411047
1329161349
1332501420
1340304726
1340507498
1342933841
1345254410
1356174457
1357358921
1365751856
1366970961
1372617618
1376974537
1378158618
1398836777
1405962993
1409044577
1417142089
1425590519
1425751825
1427960741
1428741409
1430007466
1433013945
1441433385
1452361058
1456047886
1456358294
1464388010
1465621042
1476001071
1480789328
1482568147
1483349525
1490013807
1491109454
1491972157
1496420539
1496572874
1498251416
1505951108
1515590522
1525411993
1529568136
1532420657
1543617329
1543949166
1546897975
1559875450
1565531097
1571199805
1573548275
1575418409
1575660847
1576376041
1582297190
1584878687
1588251419
1592488787
1595716776
1596372173
1600753548
1606059379
1617187586
1619654160
1620802306
1622926203
1635955139
1644991172
