-499535776
-498293170
-496421583
-495852598
-494406427
-489362836
-488093690
-485552838
-479664622
-478953897
-476086205
-473881888
-470140818
-466059750
-465712721
-464804861
-464230694
-458915004
-452852523
-452570690
-446115390
-441915437
-436661051
-436394506
-432296718
-423529081
-422634709
-418620392
-406703390
-405015563
-400039917
-397483849
-397294857
-397111405
-392805057
-391396389
-378669091
-377731559
-374807266
-372310264
-370350286
-369271118
-366745448
-366202884
-364602061
-361476850
-361012626
-358729906
-356583362
-352695751
-346945393
-346710783
-345455218
-343254062
-328919570
-328483542
-318037626
-311116934
-296599788
-295419942
-284187742
-281314644
-277842067
-276768959
-267154235
-263575818
-261183739
-241573820
-240548918
-239662022
-227473887
-208747542
-204650900
-204124018
-190070473
-189244641
-188163828
-180877674
-179376043
-178166982
-177317594
-175816925
-171308239
-170927113
-170706184
-170279208
-168392656
-157041720
-153900251
-152991410
-147134190
-147119689
-144535858
-135862506
-129197305
-127077413
-125231178
-124019839
-114219512
-106873395
-99784151
-99338123
-97455957
-93744549
-93470903
-81122876
-75417603
-68993833
-63589655
-58565196
-39292281
-38794444
-38663482
-37366494
-33692266
-31742790
-30671581
-18443281
-15525643
-14696434
-12638849
-12147005
-5018845
-4004571
-2706146
-1598518
3123803
7549405
10105909
14848033
15308429
17789954
19880764
20505494
21053580
36754072
41485943
50672407
61514519
70225011
71986971
72523378
73392992
74285648
90058770
91063680
97246055
98888694
100018641
100192930
107205291
107829324
109973807
110341929
111860259
117581434
118030195
118133680
125726142
125871582
141495229
141836403
143298893
149080260
151269016
154324889
157029888
173574763
188118712
189571088
197922824
221625732
230795808
236820840
239169946
243473959
245366078
246303386
248136950
248902748
255070991
260607913
261760815
267427402
271297656
275083240
276959008
288526647
297447300
302021561
303420575
305323391
305359274
316015882
324386524
326306962
329646724
331387550
338532296
339938499
350466064
355132250
357636418
357853257
363013548
363744586
369037725
373815444
382043778
382278183
385155235
387052483
389616856
390110058
390420459
393714728
396490940
396657306
397576067
399907368
401833207
404591878
407254664
407550927
413449084
414569740
420729166
421617209
425556539
427614170
441501785
445272585
447559160
447569899
453163473
471835508
474697868
503129638
512688900
516533044
526808584
532934190
539204070
544047536
544511760
547963161
553697187
556147746
558215479
564570654
573783773
578196565
580958992
581575361
590419982
607951302
616320260
625186622
629348225
635923634
637237101
638935520
656585782
658565596
662351084
670790202
672384785
681836785
683499134
689661682
690657058
693000828
696229679
696977059
697020083
704723667
714759498
716802394
719339713
719933256
725769770
732754244
733833418
735641038
735790959
741472207
742937125
743479509
745727270
754073179
755407721
755897506
759656804
769310220
770193546
775133395
780674718
783421569
784822227
789621765
791807042
801457631
802337358
802912757
813662456
816330917
817925154
821385940
827064421
832372316
837652413
838117899
842118896
843143863
851033495
851865404
855419484
857325048
859418924
864984499
865554710
866837910
867242407
869766865
875589762
878335064
878406006
884839507
894477502
896642751
899203761
920509154
927861429
927893143
928323448
929216382
930292248
936557535
948865047
958421112
958749517
960226284
961539528
962610728
970678674
973045771
973234025
980064534
989216600
991891978
1002262609
1005896994
1012899773
1015218578
1020102392
1021751702
1024404956
1024411739
1025639314
1026949123
1035804971
1036522280
1037605552
1039285745
1039321288
1041076370
1042697957
1045546500
1052478717
1053101909
1054471597
1065023732
1066300228
1088018605
1094162967
1095502466
1098635568
1104854187
1109928999
1131027553
1133353751
1133803833
1135856887
1147938262
1155391614
1158936462
1159308563
1163001170
1167276435
1168189286
1169919846
1172132321
1177309097
1180545269
1187403053
1187792168
1192836607
1196018849
1201295925
1202952047
1205689152
1208942626
1220191553
1221962591
1230585623
1232228008
1233099803
1233343525
1237822670
1239756046
1242052206
1245075850
1246634754
1249100412
1256442101
1261824714
1270413075
1272458235
1274210135
1282837920
1283692064
1304745586
1306373525
1309814444
1311774008
1326262429
1330010732
1335530306
1336111699
1348259437
1348977891
1354168982
1364713309
1369328862
1377205610
1377992340
1380191328
1395594045
1404583412
1404611902
1409078669
1410192228
1410535260
1413981693
1415851897
1416946616
1419166038
1421111074
1422353738
1443620413
1448946723
1458031612
1466786325
1468611720
1474170625
1476800400
1479102667
1482736167
1485741474
1488703539
1488931209
1489782895
1494642477
1499568373
1501314044
1505960190
1507934492
1516227629
1517755209
1519462767
1522990819
1524125247
1531181432
1531503435
1533095725
1542665646
1543027439
1544734269
1548881671
1555314092
1559128194
1563173867
1565117851
1565795254
1575692333
1585544230
1585855795
1591379239
1603073449
1603854877
1609072185
1612265328
1615226847
1618069142
1618431978
1623218039
1632323768
1635812698
1640562956
1641946726
