-493492953
-492105604
-487495377
-485462874
-485099565
-471282827
-470022671
-465838755
-452763964
-451301628
-450725740
-448370554
-444478157
-419999974
-417797627
-417592350
-416795725
-410178803
-393768593
-392365713
-383966181
-379066989
-370526577
-366452202
-365998330
-359583831
-356399871
-355439803
-351196748
-350173304
-347920208
-347392687
-339262927
-334905101
-330174316
-329344866
-327310732
-320902955
-320122524
-317719854
-311157149
-301977059
-296511327
-295703732
-288870118
-281335057
-279783740
-266122212
-263463114
-259168048
-258360251
-252961822
-248346451
-246117874
-237117587
-235433556
-232854976
-232366401
-230081524
-222446579
-220738720
-213959405
-200040558
-199521989
-196579465
-195803175
-193251693
-188030019
-180269078
-172392396
-168540526
-166840516
-166530887
-158549836
-150556714
-147635051
-146055869
-146015656
-137259961
-136711975
-132107949
-118960152
-113395524
-111574164
-111446533
-108289083
-100722230
-100199485
-100034137
-96483216
-96236188
-89655081
-89210105
-83812350
-80183579
-78053082
-75405497
-72617819
-72053546
-66015630
-60492932
-59275288
-53246982
-50913036
-49667256
-47056784
-27832198
-23980329
-19738705
-17130113
-15493219
-11416581
-10623066
469976
2310786
4994830
6340169
12643928
14233849
26047828
34836122
37080182
43858266
45031987
46720985
59293744
64134477
64136741
65552406
75944525
80326872
81725760
89291042
103157637
109507130
111332629
121384799
126663583
128032670
130244454
132503357
141961123
142065384
154785046
157699510
159331372
164203175
165251242
171657080
178579785
180151677
189741285
191825761
193202864
195269725
206607007
211860490
223687715
225363731
228875103
229948879
241370731
244987455
257290988
258310382
261342861
273093558
275124108
287313983
304704512
315522119
316823269
317957701
323624263
328239650
331768076
343500385
344608174
345177320
357912475
359151734
363522395
364990651
366656073
378317132
385227329
391873340
408049831
408550924
411879599
419351490
420861781
430287913
430910634
433677720
441765622
448187473
449009596
459802187
471911914
475150066
478493832
480906774
485641261
485819407
486921297
496807921
506701406
514145261
517691254
527738159
533334497
533860412
535489120
537523254
538889781
542970589
549538004
557500025
569552337
580445413
583915136
585163375
585718138
588817135
589152700
601089388
601199480
602502696
604514672
607995007
614751235
618520331
621854776
623263791
623485322
630499375
631962171
632399411
632791786
640253676
640310541
640966134
643535608
646224468
650929371
659437723
664788422
670798771
672150438
676332542
680945490
681016221
683302428
683497039
688349198
689109162
695293875
696450106
696953608
698000262
698895990
699150181
703843321
706144255
706203348
707436713
708913899
714234375
723590126
727760418
733356805
740991917
749048672
758333928
763194683
767340057
773688766
779810223
780881702
782233370
784254828
784610338
784726886
788913925
791063262
799419420
802277598
803342369
811157370
814769367
817064413
826381430
828063611
833235513
833891145
840553738
842086600
845120571
847806105
851060161
851659391
859377552
863670182
866338673
867329526
872794123
873973985
880184544
880376565
889570224
897073211
897096984
900463019
900526899
903482136
905915667
909106881
917516784
919571822
923444764
925650947
929495828
931779751
933027969
933880073
935662180
936845478
938844484
940108243
944124392
948771037
952185034
963823931
966797599
968107440
968981439
972381890
974034409
975469609
976825123
981928805
986383755
993061208
995667754
995782772
996568550
997632801
1000003126
1000482985
1001399945
1001968661
1004716264
1004834432
1005414777
1008758610
1016082446
1028807143
1035570154
1038877510
1042926839
1046161671
1055368023
1056031446
1056547524
1058320583
1070101515
1070303909
1083536899
1084533006
1087063560
1087575882
1093866492
1096774120
1099441566
1099847853
1105516403
1118021026
1123753728
1131895970
1149740154
1155510421
1155924201
1168606352
1175898089
1177452578
1186853083
1188009553
1190155142
1205976702
1206067160
1213054879
1213255437
1218571783
1222691895
1222898295
1222903126
1231801841
1234873609
1238198060
1242288111
1258752869
1261273326
1263855314
1275947621
1278327134
1278496946
1283673397
1283890880
1286972101
1287796549
1289276444
1302167195
1307681605
1309969517
1314259874
1314793182
1315412299
1319883633
1320510529
1325732088
1329431579
1329810885
1330510170
1330523432
1330707420
1334301800
1335813368
1337705281
1341838598
1342547478
1346893907
1353055418
1356866321
1368658786
1370220540
1370263351
1371815927
1378322974
1378852137
1379863192
1383631460
1393051460
1394744054
1404800295
1406106144
1408380044
1410685533
1415315892
1418024815
1420368125
1420735366
1421609779
1425325209
1432800444
1436093134
1438144458
1449792323
1461209952
1481922154
1482963647
1493889808
1510919622
1511364725
1512484507
1515976091
1524428375
1527535825
1543037269
1544665052
1545472159
1548689646
1557007957
1560703027
1564185301
1566921811
1575096345
1576543462
1578580978
1579982761
1581859808
1583008504
1583586905
1592526925
1614446007
1622804917
1624013366
1624641821
1625564565
1629207332
1629395259
1630288896
1631312548
1635504604
1636289117
1638637421
1641087429
1644093840
1645449514
1646131980
