-496118866
-494006702
-492570404
-480836164
-477958633
-475825624
-473724758
-473167018
-470311348
-469658129
-460311491
-453621565
-451036364
-442340369
-441619941
-439585538
-429437082
-425320069
-414410093
-407680222
-397801373
-389817463
-387227902
-385657388
-385327116
-384357323
-383352116
-381937102
-378099001
-374616915
-373382318
-370939830
-360491664
-356938655
-352155525
-349610537
-348151504
-344958971
-338955684
-334739016
-333834239
-332412734
-330446701
-328076295
-327147497
-326202606
-325886044
-320739864
-319215455
-317867128
-317407338
-316589147
-306287322
-290267962
-288498840
-285765961
-275790626
-269829630
-269817182
-255770874
-255246596
-248637291
-234788802
-233873982
-229986635
-228310278
-225042828
-200765510
-200321262
-199266712
-194772211
-182122309
-173411103
-170632610
-170554194
-168882310
-161448014
-160382876
-159142742
-154977423
-154387075
-153954471
-153414243
-153033541
-149770755
-145515819
-143614796
-134859457
-123254939
-122714706
-119270897
-117265996
-115452882
-73285536
-65660266
-62462666
-61533918
-60991408
-54104321
-49610935
-48259377
-44758269
-31656988
-31300902
-23690763
-18202293
-13747628
-11348531
-5654202
-356714
3522774
7730797
17401392
24322535
27971761
28913091
29603763
32391594
37381683
43630695
43853415
57125456
64512722
68451963
70019720
72004153
74258674
74646031
77644276
83203097
86390802
91023860
96808112
96901453
97382091
97948466
99380756
112633267
114267209
120637109
121152329
126072747
126310873
128944379
129159308
134373567
139422558
145415857
150840714
170864636
173359524
176594893
178147792
179409245
182269797
183929987
184240090
185266965
186053539
188789811
188816393
189451777
192120727
194926770
208104364
209673551
213763099
219338003
223143656
227306151
230027424
235066654
238603751
244051532
251006347
259258870
259264227
263459651
266361411
278181239
286359422
287702137
308663270
311884648
312950928
318709112
324879748
327386432
337488688
343609882
352753374
354659579
360274057
363045945
367027552
374034605
377006630
378080598
379336353
381159869
392441883
392774519
392842051
399316926
410047398
412168619
415325093
417689575
418475216
419117293
421721312
425970266
427783941
432616119
438274734
439866008
440389269
441790624
442974485
448011633
450643646
451711451
455748206
465139033
465295434
466250035
470449177
471917078
472103675
473793538
474285226
480800636
484217142
493728594
497489032
499227054
499461524
510842913
518086974
521834689
525560839
525609599
535835864
554783075
560229171
569155990
571091462
571944800
573234459
578010666
581766144
594653886
595293268
596443314
599293114
604877168
611285111
613632180
615531038
615774739
620627624
622977962
626131966
626254123
627294351
632961395
636003931
640524160
641295270
647097468
655220496
659199970
660207383
661997903
667167848
668845736
678721660
682883110
683374346
683815594
684683216
688433097
689610362
695798360
696371663
710319574
713774312
717576665
721108038
739008023
740545048
750582044
750790723
754031371
754529121
754656660
755821416
760065456
774186273
777246548
780859790
781249758
781362103
784337230
792518385
793682355
801331100
807781830
808796767
821695808
824706123
826090514
826901557
830178743
830508321
832566333
839239850
840140911
841143203
846047281
847570507
851100706
855298051
867767871
876485335
881394139
881519016
881966456
882631340
888337814
890616993
893998883
900508002
921207525
923310283
927393563
931509871
932057443
943341830
944883131
951678472
955499356
962427693
964471400
966262876
977247691
978615407
978867157
982051551
983815565
986346804
991389429
994857428
1000121246
1002603152
1003590040
1004019545
1004369092
1006141735
1007591768
1008988127
1015913818
1022500234
1024216848
1024300340
1026060912
1026714028
1048552416
1049388608
1054566470
1055357083
1063167413
1077464719
1077803236
1078580867
1079612060
1081599233
1082663073
1082717208
1085070518
1085361424
1088379047
1088951652
1089153026
1094239577
1094547117
1097537483
1098240769
1101484360
1112607965
1117090749
1135826327
1137027578
1141350985
1142188359
1144840962
1145032918
1145154973
1146379219
1148507863
1159934407
1167992915
1170168415
1170763691
1181230311
1182544987
1185067124
1187890855
1193724031
1207657603
1213322078
1216975874
1219827454
1221366015
1227638891
1228970330
1229866527
1242515515
1246317828
1250317222
1254192367
1254399667
1266470822
1266871570
1269833618
1270743944
1281562911
1286992453
1293466186
1300736888
1305663368
1307396540
1312987281
1318851945
1321705830
1328163859
1339051242
1342149580
1342212218
1343219631
1344665978
1354439101
1357821013
1358864518
1361733297
1367199996
1370831133
1371402019
1373066217
1388655544
1391478710
1394046147
1394597946
1398523629
1402069167
1410159840
1413627760
1414785025
1417010749
1418503920
1420948366
1421277820
1427654692
1429421093
1436527531
1443995748
1444014390
1459519774
1465397077
1472254921
1476841203
1478704387
1479777324
1487631206
1494633576
1503707581
1505746148
1517163800
1518234280
1525904966
1530039552
1532705659
1535340796
1538715695
1554880112
1557670554
1565872983
1573578340
1585790010
1588640411
1592235612
1597283682
1598419885
1604329984
1613395626
1617818275
1619332910
1621699409
1624583877
1632806478
