-494636131
-489077591
-488056621
-487860523
-484058643
-478078889
-472427040
-471641581
-466288331
-461210002
-458348662
-447373844
-446376509
-437948015
-437841691
-427910851
-412304535
-405546001
-405336048
-399848583
-390260532
-389041208
-388628310
-375284695
-372926933
-370283627
-369555450
-369279510
-368169382
-351559892
-348281539
-346621510
-345052444
-341406258
-341292432
-338565924
-332061665
-327987443
-326616794
-325502296
-322558040
-318926835
-318398026
-315112742
-313582380
-312979343
-307819617
-307529114
-293520845
-290626945
-279792207
-268188236
-266040125
-265787021
-262090413
-256556633
-253617587
-252246879
-243070536
-237416385
-235250807
-227894087
-223601705
-222835733
-220838253
-214333191
-213688499
-213221826
-209358867
-206640186
-205518299
-189052975
-184417829
-173872096
-162872512
-158150429
-157104891
-152114046
-145597841
-145316493
-140966786
-138906126
-135817545
-135487640
-133401037
-127676917
-121455531
-120784947
-113324048
-104530317
-103714505
-102364256
-101380668
-101357510
-99295379
-89319478
-80449329
-72462397
-70289270
-69422879
-65007962
-54852264
-41857070
-34934775
-32374784
-31585057
-29597129
-20102608
-18980860
-18222523
-14301362
-12615783
-10453673
-672404
3930359
6040702
11596829
12112013
18448689
18488326
18688716
21333030
22381444
22423449
29331044
29371098
30573253
34393681
38171905
40609827
41853145
58739092
61475294
65965473
72710089
73999313
75444597
76750069
77254117
79684856
81635347
82125609
83280913
83910999
84921723
86213923
92492803
93149168
103417957
103996636
113444477
117737105
119537054
119645440
126220901
128716921
135234435
141346723
147911373
152722754
152917293
160144718
162084503
162544728
173979037
183925566
190810229
196256398
199817421
209361036
220658847
221378815
228288745
235784641
235982434
236386915
237790978
245593255
248538755
250909511
253969127
258089360
267301008
269048277
276990938
289547784
292693078
303321770
305070258
306091006
309790086
310260904
313901880
323326792
331058755
333967044
340867368
341781580
343669885
345531500
350227442
355823448
361350720
362554524
365672772
365720503
373780822
375559702
379570792
380753061
392065172
392694277
393245732
395085613
397394797
397946928
398566316
399944377
402337020
409187089
412858612
420423592
421326567
421881486
423035215
425760570
428074257
428391849
429728768
433174515
445987742
449046185
451400646
462074930
467474627
468499464
474346162
486897531
488705359
490302429
494259781
495210479
497467670
498746345
510994633
518216399
520234456
528808812
530156154
538839825
541898569
542548085
546072767
560197817
563325117
570335921
583363403
583999586
584414091
588070136
604081781
605028449
609519577
610865684
613386605
614292821
616077026
616108649
623730335
624877986
626146754
634567480
639071767
640008356
646316840
648599642
656940210
671061130
675911635
677095722
684877818
686630680
692766959
695141128
695391644
695570087
697421962
700716633
705319683
706307011
725203910
731020208
737609703
738403505
744290466
745866342
752098170
755331054
755718783
758488671
766377393
768358996
770309333
780457672
786081480
786415976
788494662
788634038
793799272
797069814
800710441
805112017
810147914
817448887
818512524
825792872
832495206
834963259
836262925
845862070
847688676
857823264
865572144
867266102
869505755
880039436
886090128
887692339
901126315
902282889
906449057
910590351
912225373
915056539
923017288
924027323
929101990
929177725
930545304
934827330
935282062
936010987
945789588
948184020
950222877
952070592
953760794
959060366
959241406
964295810
966983415
969581751
970083730
976095947
981377896
982857291
984058240
987552972
997867717
1000903056
1005533181
1007841573
1013388855
1029290650
1032433567
1041112748
1042669923
1046476618
1049265823
1050075151
1073468109
1080563182
1082100363
1089214892
1091386291
1091979380
1095311961
1095596415
1098117390
1115119448
1126660123
1127330987
1127584090
1128397050
1133412825
1139918359
1142693763
1177552320
1178542761
1181778518
1187154188
1193914996
1194126314
1196033353
1198195079
1204479794
1206054473
1207421716
1208899706
1213629455
1216238900
1216589294
1219150291
1240617114
1242711726
1250136587
1250171819
1256447815
1277722440
1283401957
1288637902
1294489613
1302634548
1304530169
1307646459
1309144910
1310632099
1311541073
1316054324
1324831484
1334272914
1336386652
1337968713
1338893618
1343034329
1348628006
1349073870
1355118471
1357595955
1358513214
1360212848
1361290862
1361405029
1362453098
1364566395
1372132145
1388278434
1388601851
1389367053
1394769754
1396973031
1400660851
1400755178
1403615757
1405806678
1406119047
1415123478
1416946226
1420649264
1421690384
1433882658
1435077381
1435787329
1441076649
1444577492
1456785163
1461119562
1464717813
1470656066
1483652574
1490907255
1497511157
1499560643
1499826842
1501374454
1508460147
1515510092
1517514171
1529211626
1532235827
1533976928
1539838784
1543581065
1552209534
1557731294
1560792787
1574716520
1575105353
1575653794
1578266777
1581279588
1585996098
1590116239
1594725045
1595426780
1597733858
1599712061
1602251238
1610210955
1611259530
1611516427
1612158699
1615781267
1616497351
1622459671
1622951097
1630219693
1635852044
1646178176
1647230544
