-490370793
-483688346
-482013466
-480784185
-476329084
-462901668
-453798989
-451353157
-450458870
-437948061
-436545264
-432421038
-425226192
-421523500
-420250273
-406465551
-405577408
-402102695
-401713492
-394385412
-389239018
-389112127
-387834098
-387676513
-384740486
-384506942
-377901756
-369113628
-368678232
-362822550
-359799703
-357834241
-352465149
-349961579
-342098063
-337085075
-336245842
-328046789
-325267491
-324461758
-324250942
-318513174
-311339485
-310767802
-305223495
-304896835
-301314735
-300999537
-294973900
-292701741
-292220741
-282794233
-278298803
-269431360
-262102590
-257363343
-244778901
-239257570
-230262880
-226564453
-222173986
-213327427
-208659958
-205376315
-200109893
-200004418
-194259786
-193681527
-192463386
-185740023
-183374814
-174218548
-172032930
-169770618
-167545676
-165289608
-163503316
-161971946
-161219935
-157488142
-154215430
-143332388
-140955881
-140935833
-139594539
-137461120
-132141861
-127422951
-119224678
-111751062
-102439553
-92270319
-88066939
-86127899
-83577981
-80374365
-79264521
-77738414
-77080772
-76447341
-74738465
-71556002
-71484109
-69653637
-64400614
-63434916
-62251430
-56850649
-56550375
-46513241
-39983921
-38486900
-33481719
-32876069
-24042485
-22964621
-19579258
-19111234
-14026462
-9760629
-7601698
-4957324
-3424270
9883934
10558213
10921275
16426553
21867774
23637491
27816794
34276012
35700861
42798621
56313564
56524380
62757713
68881150
72183310
85500191
92607864
97381854
98958818
108162188
109698240
116722886
117115402
120278963
120284468
122769366
129341837
141015985
149289463
156169970
166567128
188320332
191932537
195693236
212363616
212521719
220933516
224957754
227905127
228108511
237919896
239294820
242098648
243161444
245503618
246672904
250182209
254988056
259635204
292485019
296392631
297821405
299410016
299449790
303903990
310157911
317073673
321344898
327574906
327778051
328024384
329749112
333326709
334321169
337400194
341142280
343512994
349406697
351910212
357305516
358938412
360844126
363687118
364179162
365302075
372280453
373865387
377994672
384103717
384484406
386749567
387600224
390149007
393177150
393437801
396373108
397764649
406941240
410021529
410380173
423756035
433201642
434676729
437077672
447352621
448400505
449589441
456710051
461489446
461585683
464608525
470190144
472797301
473749129
483446946
486687773
487170776
487508670
487623019
491411289
492710660
496531751
500794293
504475891
509997888
513040959
515240738
516310257
518702336
520111768
520267011
522883725
528429874
528504816
539217732
547384499
549243574
558528731
560565027
572771177
577744546
592266898
595671778
602281362
603001729
603401345
604737919
605054418
610460526
612837945
614032175
615358153
617871274
625246979
629748924
630981797
637625152
637781557
637951181
644971296
649828329
654844306
654858162
655961218
666558116
676094544
676897852
680626975
690131962
697607251
699256871
706316050
707016718
709806163
714716637
717069677
719267474
720230977
722111987
723598927
726218900
730893390
740509906
748757647
756210359
760041474
760661425
760916317
761994232
772044363
772049983
781199998
783768188
793841796
795756174
804839196
810793639
816020564
818288961
818612321
826132965
833594398
835327522
836649443
836775053
837195859
842087334
847616303
848485943
850900767
854635977
856411675
861645641
863440407
877579624
877662415
885097486
885867923
886235217
888771410
901002936
904095492
910799232
918370420
918818254
925257241
927010675
929544576
938111737
938302494
943325224
945611802
956676853
963797462
965795008
965798450
966553699
967854534
970548593
975979236
980177800
985364657
985526148
988201427
991340990
992276117
996357313
1000871258
1002090448
1002445309
1002641131
1006171585
1015011906
1016959784
1017550902
1024818230
1025971191
1031727159
1032638563
1033527451
1033598852
1034946318
1041868063
1046303426
1054534457
1057711173
1061452066
1066791223
1067010417
1067049926
1073508368
1075512322
1081864646
1085210643
1087589361
1093647182
1094311982
1103294731
1103893663
1107517030
1119701179
1120866506
1122308975
1122576595
1126997155
1132993858
1138488685
1140396236
1141810278
1142382796
1142515632
1143639593
1145185310
1150790874
1154814518
1155610245
1170824551
1177917799
1185318792
1186652757
1188472003
1200783199
1200784266
1201694872
1201720250
1207643749
1213629896
1251549119
1265349414
1265398113
1271666260
1281989473
1285444424
1291044957
1304837489
1305970641
1312182727
1320629532
1320914893
1324454144
1328922624
1338372057
1338625909
1343860632
1345931388
1367939484
1372174701
1374450043
1381423678
1391284564
1391336069
1394886197
1396298533
1396370425
1396493794
1404623447
1406299492
1417290595
1427237793
1427365383
1429724244
1433112370
1442270107
1442587057
1445790482
1457406029
1461279366
1464138797
1468565012
1473134561
1478628040
1479710187
1492329820
1500979402
1507469976
1511412997
1513181451
1517777072
1518952150
1527274883
1527604255
1542037893
1543403392
1549754217
1551751997
1552907428
1555090227
1555825083
1556276055
1566065871
1576143209
1584234744
1592203529
1595590322
1597606326
1601152488
1605042051
1608861554
1611574581
1615150624
1618641711
1619486655
1621941108
1623756933
1630685977
1644008935
1644330437
