-492385642
-491838333
-480937099
-478137828
-472335581
-470359878
-469530867
-460456454
-460092736
-447994783
-440232483
-437301910
-432567040
-429935921
-414186547
-412961113
-409637491
-408052260
-405017482
-404804878
-402888548
-397437178
-392898060
-391175546
-376087695
-371512943
-370997299
-360542056
-357189138
-353501505
-351451764
-345036140
-345030645
-339018423
-338011892
-333279855
-327073260
-322484965
-316309682
-313146527
-313105606
-307874353
-302162979
-299748638
-298826783
-294992877
-291273178
-288552213
-283738725
-275906946
-274768156
-273512338
-273385722
-260994062
-257768931
-257418168
-238730884
-226103874
-222098868
-216632597
-214416371
-208374955
-200918693
-186830070
-183849618
-175832150
-159663564
-158849992
-150223298
-149959801
-149853994
-149327201
-144352291
-129162420
-128801780
-119744768
-113121440
-112482087
-109871683
-109578217
-108006618
-101967188
-101867367
-99216066
-93611811
-91202231
-88331422
-84042967
-83731693
-82421034
-65643284
-61562109
-60558862
-57251062
-57151175
-53208651
-48153878
-45048901
-39975492
-33145622
-33007892
-32050968
-30876814
-19694067
-10107911
-10038589
-5750904
-4929800
-4233548
3097630
5004059
5547765
13868977
16708706
18573456
19094952
22838933
33858684
34129455
34743294
39206874
41407457
45385644
60605979
62049500
62758314
70791064
71928330
77167578
81602476
83751434
91308661
99046543
100491476
101702897
110683990
111141796
117058465
120657303
123185440
126957785
132702951
133462355
136602579
139720620
143775657
159093080
167672044
172099640
185857221
190983182
193315081
198608364
198636626
199635710
202186680
205487305
219275809
221158044
224378789
225882919
227397669
228142893
228329474
229494463
238277043
239293136
240970770
243559037
249503079
254273304
256102619
261445280
264914349
267197191
267937541
274038873
274340631
279118950
279842572
287344949
294134420
294382479
299608501
324584530
325558713
326390837
326831742
344762546
351050839
354158467
357754173
361077761
362748382
362888372
369119057
382017347
390981828
392107274
400836744
411833211
414503711
423775851
424892076
426274510
427073702
434841763
436799547
441978786
441998536
449640819
456184042
458031055
474437267
477482266
477763295
486046285
486970199
490400245
494291722
499546159
499806282
506670117
509246877
514138360
517025812
518329752
521218252
522590316
522844977
532335773
536310239
540788004
545059244
550389703
552400434
556929495
557790567
565831424
571719543
594171498
598776130
610768779
624552967
628246919
638775121
640081201
648953581
653303675
657994451
660404086
680175596
681587613
682438488
686012729
687326373
694846136
698652080
701678162
703999142
704831266
709870529
712672350
712953645
714924803
718818431
723743559
724582257
731757183
746326902
749747555
757390453
766085040
766610946
767453878
768505696
772598249
773422591
775204653
776587474
783167330
783247346
786564044
791661150
792756943
797245088
803120581
804251894
805153627
805406755
805846333
809178297
815687450
820371053
820891901
829163450
829560090
830921191
838024738
840332563
841574664
846589420
848665783
849774717
857866444
859287076
866038616
876188705
878234613
880243850
885163395
888934035
889870908
894138732
894614403
907759327
919766408
924508848
927380766
927753846
928599055
928838136
933939961
934103099
937532634
945304278
946110737
947443587
947823415
950433246
953906250
958222979
962230383
966506488
966853690
969176185
973140556
974227197
974748131
979469428
991024011
991146288
993008305
993225224
1001169973
1002539642
1009075700
1013080526
1019017840
1021822856
1022737621
1028641587
1034619101
1036369403
1048156874
1049691625
1051020537
1053794178
1059470174
1065324920
1066422982
1069416512
1081216495
1090106215
1096337261
1097478494
1099676664
1099932228
1105517485
1106724153
1111929480
1113038162
1118396547
1120939626
1127948282
1134477474
1134775464
1136290651
1140298602
1140413908
1144620811
1150048501
1151918744
1151929800
1151949550
1152005588
1152867107
1167534322
1172978153
1175068635
1175635369
1178327947
1180393912
1182804433
1183664006
1187162359
1189149569
1190163762
1191428854
1204660980
1212885418
1214684336
1214979132
1215662439
1217787640
1223685214
1225689202
1230524673
1241096511
1246912318
1255295320
1255662359
1257290443
1257419709
1269043219
1277690939
1279388732
1279667989
1282389698
1284331937
1284622802
1291773597
1292912546
1295277240
1298317145
1305290941
1306233465
1319199814
1321764984
1322472413
1336239054
1338621794
1347190794
1354387795
1355930705
1359107078
1359967066
1363299030
1364291136
1370233387
1371686961
1374412666
1380705378
1380969250
1382334159
1383977323
1387230624
1398323983
1404211330
1416082610
1423995688
1428209993
1428692337
1438946843
1445071346
1451658502
1452116132
1456942032
1458244271
1464770614
1466017266
1468232554
1468532449
1469135320
1477441769
1480691958
1495633695
1500562761
1504145900
1514548780
1515148983
1530601961
1532547068
1544749842
1572569442
1573558931
1579860176
1583134748
1584646731
1585068153
1590912583
1593012591
1598168863
1599127717
1603586374
1606178576
1606708722
1607196412
1608108362
1608209844
1613155791
1613969064
1618571574
1623105144
1623142850
1632072378
1633279047
1635105253
1644151684
1646276979
