-497634595
-487877978
-486685027
-485735604
-472282772
-470252333
-468670956
-465797805
-453427343
-448220964
-448127819
-447100980
-445742439
-442795400
-438807069
-438108258
-436857512
-428189232
-419072335
-414348525
-411168197
-406059259
-404999786
-403058114
-402420742
-401555161
-399306526
-391410462
-389409676
-381875936
-373903428
-373177278
-366269030
-354678438
-354424396
-354158708
-353050813
-351186254
-351185932
-345389587
-345216142
-342397769
-338451244
-336990328
-332865576
-328088022
-327695816
-327566052
-320032946
-313431419
-307313436
-300016511
-287339490
-286672208
-286020280
-283341223
-277068919
-267848057
-265804582
-263862479
-258401502
-257872010
-252741093
-252489609
-243139682
-234949969
-233604892
-227619554
-223552371
-216496177
-213926430
-187289972
-187202994
-180320884
-173666133
-167896216
-153329911
-153272155
-153246512
-142073337
-140717314
-140225828
-127639812
-121830461
-114722148
-111436338
-105196773
-103694456
-101681976
-96936447
-85432553
-77347737
-74643985
-59929461
-58225510
-57559815
-46660599
-42272475
-38539488
-35413131
-30585713
-30098726
-29600763
-22054924
-18985261
-8931638
-6665519
-5326490
5810541
11812932
13030735
13285612
17681751
26618921
26911458
34850761
43272591
46972783
53999458
60622229
66580296
68039397
70235335
76976782
77601235
81230148
87334861
87588983
90891532
91004835
91529177
91926115
93518773
95653828
99854189
104257211
104459492
129875802
138022231
141606073
153028427
154326641
167964023
170442615
170578272
171636983
171799709
173652955
174146746
174943010
175886048
182272477
185777595
188509210
188988134
189207406
190078393
195446447
197993768
204845556
204986432
206286003
207975747
208651409
210829707
210835849
210979200
215232643
216218384
218487277
221877262
224700176
225019194
227855621
247534082
249026067
252727374
260503765
261192235
270218824
276833088
284480104
295654197
295780774
303486787
308704963
315392179
317336313
317559439
320161721
320929148
332490030
335040470
342450687
346894139
348724324
353800178
361965751
372198354
375775987
390316504
393051500
394195885
401089386
401151700
412537821
414501325
422263679
434584448
441079568
445848452
458024134
458274463
458542684
458741273
459746064
463235756
471076180
471339107
475171955
475398765
479958322
482003023
488272371
495764263
496326987
499681121
502092153
502366050
519097649
521001550
521406514
528375065
530489751
530770129
535703482
536475831
537169716
538954925
543577467
544034047
544394576
545706381
558570765
560363371
563315393
566581362
568315418
571284917
576575457
580989392
581533635
586191033
587892774
593188671
601464369
603888240
607155115
607237507
608828021
613737458
615550176
617221154
618985772
622127306
624549312
627687187
633073157
643126780
644048020
645004294
649269545
664152148
664721317
666577154
670887618
676986773
679647348
683278825
692677934
692936691
697641183
705293376
713210009
715899592
716928365
717742843
718849498
719677543
720527270
721904961
724131013
726254594
730483601
731833064
735227371
735496595
744077852
745576971
749036686
764457912
773005167
773577247
773769631
778118989
779508576
779979048
780657339
790974871
793234234
802094360
807275739
810574300
811139149
815601374
819423857
821125994
822828066
834784789
840680666
845129074
846543195
846936776
852441922
854253650
856343609
860934466
862319318
871367771
880266245
880295778
880818158
882437395
884289292
886748770
888455845
892263510
895015964
900292003
902838282
904894300
907969213
908361781
908823476
920495650
925870519
929588875
930014181
933772628
940447082
948134458
953377222
953575298
953990995
956243906
975389703
978053251
979287183
993671433
995238018
996036839
1001399643
1002439657
1003474332
1011566422
1027880702
1030147576
1033554697
1034776063
1035495060
1037336853
1046076134
1048455047
1089642332
1093370886
1093970728
1094157434
1102237661
1114087897
1119717887
1120824603
1125286828
1125851877
1127630271
1131839909
1140821022
1149339323
1153543678
1153816760
1159651269
1164071830
1165181654
1169310711
1171067639
1175814120
1178961322
1189826384
1196178402
1202376087
1206937709
1216127992
1216228923
1220928104
1224802111
1230406926
1231028456
1233764043
1239040828
1249784531
1252266159
1257821104
1261864043
1265983088
1267412303
1270004186
1272236016
1273430754
1276742026
1279363957
1283595203
1285220815
1287241964
1288513227
1297207776
1298803509
1302196751
1313090745
1313651399
1323759179
1333700408
1334436401
1338569869
1339061355
1340876746
1341767009
1350651473
1358258574
1358400707
1363953365
1366400827
1376578205
1378237763
1382100083
1398499909
1399629608
1406068227
1407946790
1408186753
1419929524
1420009241
1429993552
1432134414
1434525760
1447515268
1451862974
1456897867
1464273427
1466541815
1466930101
1479777039
1480951524
1481974618
1487871955
1488042885
1493500123
1498788825
1512925430
1513997138
1515560732
1516224555
1519807330
1526921881
1530057075
1531976259
1535877476
1536358637
1536710497
1540573788
1556424427
1561930315
1568766755
1570054628
1571991586
1576196132
1577781944
1592316955
1592636808
1593834542
1593875233
1595427486
1600633354
1607263002
1607283776
1610001262
1623698581
1629959687
1637430025
1641465197
1643021422
1645256230
