-489468995
-472347535
-471517441
-469027930
-467518367
-465773232
-463706816
-461521925
-459939711
-451265587
-450608711
-449408706
-435701211
-424902198
-420301285
-415835004
-406578110
-404687006
-399240323
-398026725
-394927084
-390550419
-386828056
-382949188
-380705798
-375480061
-366859963
-366536642
-366209832
-365383035
-358633899
-357643119
-352128636
-350861111
-347279430
-342859652
-338870037
-330270251
-330183529
-326871744
-326744734
-326425557
-308997334
-292934112
-288983363
-286562322
-274536981
-274370323
-268093172
-252211091
-240886376
-239036888
-234554473
-228072573
-215288929
-214060957
-213057204
-208809888
-208404743
-207256570
-193460924
-179113361
-167417996
-164871184
-163266957
-161598190
-148499181
-137688029
-133062829
-123618031
-121332326
-118853425
-118378503
-116854816
-116705088
-114860756
-113089257
-103600992
-99379462
-94218726
-90754559
-89067079
-83044403
-82145908
-81092980
-80556131
-79643943
-78901572
-77593661
-72438177
-67997141
-64453215
-60970652
-60386647
-57269067
-53445511
-48270687
-45298140
-44390464
-41301757
-36621768
-28924261
-28115941
-23928731
-20791477
-20766754
-19808797
-10151914
8895170
11598324
13901486
16073540
16687079
18849624
19284022
35957832
40065427
61273113
62779999
66303844
69398046
73492402
73668561
77739574
81040978
93122879
108617181
121067859
121179857
123924962
125994346
133733599
135858553
137057422
137497869
138230455
139273147
140483042
140892210
141431711
142967308
143317111
149635671
149662416
157435841
158402802
171172136
177314881
182338051
183428348
193593220
197015372
200160739
203707983
209532276
217602899
226074854
236640063
237505124
240717361
243869598
245288548
246620658
263154558
265750343
269845887
276463934
281045709
283102536
285354935
288202038
288756211
295473733
302913375
310734725
311928755
316940779
318251935
321010214
321803764
326274531
336756111
341314392
344665698
350842787
352103498
354741175
354954985
360944031
365485991
368008800
370823328
370982880
372623673
373412087
379509885
381998259
382607450
394159806
395805913
400134123
401445688
411308559
412524545
414432104
416077285
421054150
422745145
429692813
432031427
433642676
437785115
439575636
453766180
456963473
458843407
460118000
465787420
483788784
484705996
498714151
502016947
517670111
519455991
524099907
525125738
531907473
543144104
549828455
553437334
574887901
589598340
590812833
592767913
598562868
600026323
600166774
604327905
604969139
611807479
612340306
612843223
616312735
617778752
627045427
632955597
634884210
642910307
645164722
650421923
651671973
660532125
662114813
663138621
669890294
670316991
670719864
679042277
685310398
688740935
692703700
692711257
699390015
709229495
711879159
723039099
733616784
737395996
738031530
742565529
742834761
743417518
746696425
747125478
749580396
750059643
751291347
761388483
762464038
768094624
778627944
780550116
781300088
782327764
785319808
786686085
787297590
789500613
791943777
793170480
797436120
803405911
804437217
805043631
809560082
817170671
823640923
833974421
836393888
840464904
843521706
843846460
847312494
848548904
851203474
866881653
874493777
878213892
883224279
885364248
889856193
890503373
890517082
896952395
898067868
899061802
900594763
902489823
905379186
906859028
914013474
923394837
926439561
927475186
938510310
943289905
946076263
946717153
948482377
949837071
965364504
967301298
969607356
971899380
974159604
976361493
978011661
983806587
984398361
985447130
990019047
993344401
995070806
996506596
997508094
1004530316
1007618706
1018418236
1020458999
1024478068
1028094046
1037791826
1039999065
1041928730
1044034777
1046309822
1049769794
1053956256
1054550771
1057457346
1057710376
1059922331
1061552621
1061599271
1064373721
1067118872
1076015570
1078619964
1079259570
1082654964
1084194071
1091635369
1097770665
1098992383
1103085149
1104428856
1105294508
1109501530
1125851410
1129029026
1145736057
1147527925
1148361959
1149793694
1151149010
1159676517
1164492810
1169405342
1172033791
1172346831
1177219204
1179282709
1180415775
1181067301
1182778940
1196758063
1200097483
1214268908
1218534548
1222767694
1223140050
1228806363
1233272542
1233900374
1237224197
1238832128
1241672562
1248093441
1254433397
1255245412
1275488207
1276707843
1280180448
1287237710
1293126203
1298431878
1300563841
1300773142
1300849516
1302544703
1315957446
1319284158
1325402979
1326020389
1336729552
1339289089
1352372078
1360096522
1363368742
1365124576
1366461408
1367088539
1368910097
1374510734
1378593567
1385689616
1386814523
1387461448
1389051226
1394204677
1394402506
1395247602
1398128632
1402151071
1413615797
1414573067
1418780571
1419042445
1424795459
1426849421
1432835987
1447823854
1450540328
1456088068
1457821492
1467871076
1492381252
1493441626
1499475422
1503654259
1507773863
1511699796
1512323938
1516517716
1518320851
1522824933
1525033031
1526361926
1528772453
1534552625
1537604484
1544264156
1544378288
1544809485
1548844823
1549315398
1550038854
1553810734
1561559404
1562427893
1577835098
1580053892
1592137171
1602355839
1604599664
1605372710
1605466220
1609364875
1614251340
1616905881
1627105229
1627231794
1627903115
1630008294
1632145088
1633747353
1637600825
1640305278
1640841523
1642931400
