-499080506
-491452887
-491109341
-490370344
-487116647
-485352083
-483142341
-471684168
-469710719
-460214145
-458542291
-447214830
-443922392
-430357171
-425705165
-422556630
-411714396
-405373362
-405311551
-404782228
-397306357
-382932336
-381432375
-380451313
-377908994
-371779985
-370889653
-368104820
-366895287
-357863747
-343576854
-343073136
-336999841
-334875886
-334771403
-333174328
-331126270
-328691129
-327058832
-324202696
-322394398
-321155203
-316038375
-311607346
-291131321
-287555307
-286702072
-283010449
-280112519
-265857658
-264903433
-259506884
-249351370
-245244363
-244450096
-241095743
-237408928
-233810573
-228657141
-227258021
-214909605
-214735316
-210325271
-205805413
-201340680
-200341309
-198554935
-195445173
-194944943
-192758843
-187323610
-184922578
-184811277
-176450887
-168064919
-164419439
-154133597
-153034489
-150704317
-145277840
-142538967
-138972417
-138313205
-137465668
-136805063
-135327729
-134710105
-116345613
-115260667
-113103585
-104420824
-103380941
-103345018
-102882986
-101526293
-98422089
-85245034
-84680855
-79360956
-70404712
-52063413
-47782146
-44536295
-44382662
-35890519
-27884413
-24356604
-20663320
-13619746
-11222289
-9202001
-5816853
8593857
15549567
19259144
21277989
21842906
25729980
26241650
26982303
29599556
30497042
38404316
38883138
48498532
55265551
58464891
59678078
63309482
66852992
67772486
74857766
77487579
77983218
86378238
94470653
108440085
111778074
115224929
122208433
127851186
133732186
137991219
142231308
144225375
147844395
155570570
156010256
156145977
157065763
157294285
159592462
160511957
177848974
189743496
190379542
190502755
192127907
195686440
197993918
203636548
209878398
212490620
223862265
228282736
231325616
236891186
238539852
239443147
250197208
250749459
253810287
257729810
257905800
258859743
260788760
261675725
263344384
274785148
278828403
282333156
285886560
286268796
292526963
295987021
297653435
297793477
299759520
303130239
318965090
326856029
328192830
337614860
338695801
340093682
346802689
348666294
350214969
358953579
359135335
368808417
374479196
376256382
377021605
378528518
378560449
381813142
382246464
383301921
390266165
391134751
392598993
394803584
396314290
399805931
402589662
414159570
416081241
419744441
419834191
420151687
420852811
421664900
429711503
434462314
439379529
444372741
449186342
450371515
454897208
462693756
463523728
464355381
466071964
466725207
468358836
474765085
480170106
487119517
491044435
491726538
492719132
493737754
493940042
501398090
503590930
507576608
513790408
514082229
514642986
514759926
518643394
529371765
529672198
538122952
550017650
558199500
559197895
561352367
561952596
567380206
567442783
567828231
571609637
572549566
574236025
579462021
581423045
584234691
585309550
587260300
590915874
594648900
605676964
610986144
614117052
620112440
623983698
639374579
645964438
651824222
654348869
680119192
684831621
686789321
693398541
694440699
701250997
709298174
722721736
725427965
728284443
728373476
731184716
735907380
740215314
741574973
743818931
748592247
754863231
765237308
766985673
767746584
773424405
776186367
779774379
780934869
783603047
785835614
787329366
788584146
792025505
793265659
814462160
816886748
822969324
828142023
828185210
829837348
847264493
853433048
853553157
854260871
857239972
860640742
864586341
876164464
876789165
882378499
884292993
904847607
911564587
925167498
928490956
930878853
935661409
948404974
950192524
952966598
953364047
957136547
975487601
976626419
976722501
978194788
982173156
982290977
986302379
988253950
988643058
990253227
991647149
992350139
997190171
997216992
999308544
1014258230
1021959011
1037910459
1040689047
1041428228
1049367861
1052150789
1052584303
1059984101
1068079623
1086134030
1086817045
1086850499
1110953882
1111071057
1111261031
1117526977
1122507377
1141194948
1144147118
1157994239
1158015783
1161772430
1162602402
1170499462
1174126070
1177088880
1185147380
1188059642
1206677096
1207344651
1208393986
1214291491
1218105319
1220911653
1220914409
1222370051
1233499386
1248795242
1249067801
1257869833
1258324023
1269964777
1282946740
1284850510
1291737113
1296668864
1298978770
1301488602
1309172272
1309993546
1316591832
1322108699
1322877204
1326241669
1326922609
1327130728
1329590920
1336329011
1336474318
1337946665
1349137066
1349441571
1350450955
1351703584
1353872003
1354186522
1355590392
1356769577
1365660237
1377015258
1388468169
1390338611
1390827991
1391435228
1395632838
1398885724
1400457647
1404037553
1414726896
1417010379
1422308111
1426217484
1428515661
1434233916
1434387428
1436513799
1441110055
1443042729
1445762081
1447117269
1447813844
1449255926
1449823581
1465300862
1466158451
1472225743
1477398705
1478551918
1482063885
1486279276
1487923428
1489397179
1491400139
1491849737
1492591079
1500295740
1503433896
1507903136
1510026046
1512276698
1512648968
1513419738
1513918253
1514735783
1518395772
1526273027
1553349537
1556062486
1559208770
1560273548
1563350341
1567905464
1569903204
1570863225
1571720749
1576825824
1578025387
1598473587
1600811954
1603366860
1603504399
1607549236
1608855884
1612039997
1625939252
1627163757
1630357321
1632231871
1634599990
1639439717
1639726998
1642434192
1643387459
