-495860880
-483394570
-482987810
-482662816
-481739724
-468999494
-467830228
-467728719
-461992853
-450718217
-448740478
-435593442
-430701778
-428443766
-426193687
-417387879
-415062530
-413248758
-408954053
-407797125
-403260687
-401442627
-400673459
-393775684
-391939522
-388979645
-388798145
-388169685
-384463511
-383702212
-382279481
-377702249
-376780580
-376741440
-365816060
-361857774
-360782050
-355085443
-347597046
-346961120
-345331420
-345134972
-328638767
-325892852
-323843240
-321021347
-317876678
-316081624
-313469021
-306053513
-301118294
-286230870
-282820875
-280411802
-277734577
-274430943
-259056379
-250024718
-242275311
-238881792
-217578626
-206069209
-202158869
-196698914
-195274668
-192788021
-192376912
-188235450
-186688630
-184008400
-179261447
-178519545
-175029015
-167654494
-162976068
-152446940
-151997643
-146391892
-140289042
-130731720
-130607494
-130152980
-128178169
-126282686
-122282071
-117084360
-115081566
-113439851
-103120199
-95854896
-94098391
-92724573
-91052580
-86879081
-82072278
-81530096
-78151864
-76499998
-73141084
-72698961
-64803069
-62828318
-61540928
-60244064
-58860823
-58554097
-52455375
-51204180
-44569785
-43609843
-24946576
-24629388
-20129537
-14684034
-13091134
-4075420
6061946
9988148
15664801
24117647
24667389
26630134
29573178
31466896
32250856
40473831
44139057
44986375
59025583
72580091
76818410
77287623
81229516
82896896
84017474
85920740
86841884
93721620
96245699
103457799
107738411
114310416
118000164
120110660
125170767
127708667
127881116
130443154
133394070
134086587
138884221
141224969
159057843
164782966
166915659
175758210
177644011
185866650
196540206
197037630
205921376
210299403
213694163
218998083
221719671
230452564
239597674
241496184
241922351
243336714
255493837
258440223
259473702
266320084
271234110
274092124
275361021
280139374
282646161
284742582
287353741
290584254
291045024
294632219
306637470
307650454
317778795
318324624
321223622
328811450
329598411
334682432
340326807
341654420
346619825
350573196
353301499
353714281
359107639
377976914
386535858
390340439
395923932
398210756
409163917
410952642
410958907
414323495
416236891
418126031
418723039
425473333
429793439
431335686
431407607
431675475
432899220
435685041
440621314
448686679
462949474
462967187
468502471
480286658
480544188
486174347
489167737
495553264
497866724
499502977
501360794
501930834
507174912
514441265
518942898
528774142
536223506
539736636
547220763
559778389
566167740
568005263
573649144
578673373
578923628
583567087
585110979
585227910
592476127
592903831
593297421
594568285
600330376
603114913
604538902
611694612
614463292
618304065
619762138
625976096
630219932
633817252
638409477
646245017
647485911
648221850
650425248
651691054
653564894
659355822
661074177
666625405
670939272
671621897
671706364
678321491
678670457
688773321
691308700
691453146
701665759
703115774
717176862
733984205
738887454
741834401
744879354
750128585
758314884
760637279
761628898
761891418
765395210
766610075
779563645
784277881
788115545
792785905
795339805
801182706
805124922
810035860
816122186
833531268
835284833
837063109
845004560
845317521
852690518
853745219
861958901
862202905
863952583
865711051
866663635
869509908
871029123
880185719
880708589
883054148
884035492
889525219
898445995
900066338
900153828
902380034
904239514
918584342
923778970
926496831
928718806
939442285
939781587
943345311
949671633
953914915
962445713
964132099
968485521
973568590
978195709
979051143
980161360
981246300
983744654
985101083
986329305
989922196
992503337
1000693419
1003522301
1004864214
1005729398
1010044916
1018992288
1020537303
1023105511
1027469193
1031177653
1039735833
1039897814
1044876060
1045633264
1050388886
1070426945
1074704176
1077488986
1078006731
1085653122
1085694238
1089801684
1091458547
1096638214
1100594497
1101044100
1103007173
1104023577
1115846274
1120375228
1121602376
1121900676
1128032042
1133391807
1133853655
1135812259
1137810366
1144787224
1147977262
1148976693
1151854019
1156621410
1158502254
1164517089
1167105672
1184221521
1186724734
1189035653
1192684565
1193543220
1195606662
1199614728
1200214594
1202140504
1203590632
1234822555
1240077971
1242825772
1252753655
1255071745
1257003110
1269055632
1270437201
1282326914
1283819318
1286197027
1287195212
1294177491
1308281643
1318349058
1324762695
1335822384
1338389632
1343823046
1346897436
1349246920
1349533638
1351691559
1354120757
1358061260
1361565504
1364234620
1366967895
1367005169
1368373740
1376371355
1377867706
1379215544
1380773831
1381804919
1383485652
1383934525
1384149021
1385765965
1387787428
1389150250
1392341186
1400513119
1403402540
1417897612
1420659550
1420893708
1423341692
1424883831
1425370437
1427200201
1432784400
1446036563
1451583766
1455124982
1456615281
1458179670
1461332411
1461623516
1465475131
1466016945
1469903033
1482036102
1489268892
1493502184
1499959298
1505568843
1511021250
1511875858
1515957237
1522076515
1525803710
1526844593
1527511104
1536616332
1539957363
1544182839
1545469480
1550141140
1552007748
1555082152
1559174492
1563346579
1567490255
1577578047
1593004971
1593583044
1600617063
1600705143
1609739842
1611929384
1620830574
1620844259
1627468337
1628045080
1630471584
