-499165367
-495485181
-486689819
-477220926
-472467994
-465937611
-457031922
-453049559
-449713798
-448096900
-446715478
-445280610
-444675593
-438435270
-436946741
-431890114
-429504058
-427294320
-424424148
-420237423
-420023906
-415178915
-414728765
-406713724
-404505019
-403442618
-401042605
-399836294
-391374492
-390305158
-381097554
-377946516
-377287725
-373286982
-364241061
-355797662
-349264127
-345754976
-344448053
-333263323
-332685261
-332528900
-330720482
-317662306
-310956539
-299387459
-297525661
-289760553
-289662053
-289038730
-287473198
-282627803
-274363581
-273674974
-272373777
-266021126
-263463271
-259881969
-253618913
-251161777
-245497175
-243242052
-241038686
-236060134
-229223426
-226001819
-217555953
-214055885
-211568055
-208270628
-207866803
-201888346
-200847660
-197925955
-197062717
-196248028
-190752484
-180811593
-176266385
-173303994
-165856380
-162519062
-161899842
-160134615
-158178803
-148169220
-136737325
-131406628
-124363285
-120745655
-117144226
-109852574
-107359215
-92155626
-90782822
-79506364
-78153061
-69425395
-66974525
-65042902
-61834858
-60123255
-58890532
-50476345
-50459951
-49982824
-49403994
-48115687
-43574581
-41092111
-37918855
-36609255
-32110368
-28911568
-28563546
-26517680
-25378611
-2857795
2499106
8635404
16058169
16800536
25475497
33243613
36326232
38848258
41661392
44962272
45833713
51358613
55866433
62035165
66055749
68578004
72252324
80580539
81549990
81601758
84910422
85745056
92668442
96727458
98678411
99797106
107592799
131945251
133568640
134159568
136633278
137865833
145255433
148543100
150012394
152133096
152647186
153399706
159538828
163190448
163868712
165167029
169813845
172950075
176415359
179000823
185077431
190051772
191105424
194965290
195728965
199456964
203952023
204487425
207966694
208136832
209083874
219383437
220955933
222326965
223387281
224109257
228059841
230229514
234720356
237031143
238541709
240750414
254308220
257793108
261912502
269200086
277572629
281174085
281729946
283124254
283390113
287843981
288866495
297602045
307102806
307910084
308130400
310024745
312191132
313724247
322170565
324340032
325898564
326452169
330413383
331470629
336845490
338226376
340045292
350690800
353519111
354509894
357209623
361417927
364337200
374112691
376337420
376554974
378135821
379009664
380702330
387922443
390407783
399325737
399915884
402531069
408439418
412482967
414498134
421093036
421105608
423320768
425377379
432079875
434244616
455584469
457650482
468233149
472884439
474403619
475939759
483362165
483364398
487379932
498174989
503055833
511112809
513089130
520362692
523484474
527532710
532508512
534017948
551950659
553597676
555467831
556292296
559687302
560558074
564485672
565449503
567842604
568443702
569271208
575523310
576271406
603662475
605594951
613630032
614979449
622967252
628615516
629944935
631277413
632618375
634937243
635142614
635668034
641265699
647512768
650323318
658073987
662309234
666325595
680534676
683036949
684999131
690242830
691446006
700214293
710481040
720927530
734153920
740119367
760992790
769672615
770225043
775063915
804306054
813225199
815483688
815753072
816224816
821046061
821162058
822207452
841846636
844818543
846502189
853393111
856686470
865464921
865679471
868549606
872949848
879895237
882921360
883697792
895185930
908546774
911093581
911248053
923927274
927268337
930316783
937037074
939385651
942447060
960006227
963841580
969171978
970049335
971781718
977058612
979292123
980552859
983806942
984647146
990778263
991384944
996577300
1008864069
1011450903
1016739083
1017335608
1018855402
1021690941
1027441890
1029870347
1032994210
1042489020
1045729931
1047843871
1047949666
1048581199
1048671376
1062134159
1067962718
1071633838
1078214929
1078815888
1086894907
1094821599
1097496359
1103274073
1103689049
1108409611
1109246386
1111033377
1118248324
1126353228
1126483522
1133625034
1142659106
1145470562
1146035663
1148960738
1150308085
1159941721
1161190475
1164165988
1167054938
1168083479
1169170785
1169596320
1171646317
1176279838
1181010605
1183647209
1185655323
1188677232
1188744266
1188768343
1190305694
1190990822
1196607024
1203922903
1210275443
1212879171
1218084755
1226170412
1226850568
1228237477
1240950303
1253512389
1260655334
1260848941
1261237485
1262797661
1265383125
1266932107
1274011568
1277136770
1278276155
1279110789
1279987633
1281726590
1290169569
1290311403
1291642628
1293509345
1295763040
1300586018
1302995349
1309885937
1313692947
1331614874
1331665153
1334373861
1339663948
1342477367
1345551408
1352203342
1354871414
1355987025
1357445491
1359053465
1364202381
1367145082
1367667479
1370900002
1385928304
1386724726
1387551128
1388613142
1390807262
1396589954
1401228679
1401520593
1408183046
1408537354
1412005630
1427714636
1443468545
1443531655
1450177872
1451906623
1460980445
1465538130
1469732026
1471185064
1472189072
1474177066
1486049764
1491584918
1494558919
1508080756
1513952568
1515996768
1521042048
1521563625
1544072860
1550299161
1550702895
1552871204
1555882415
1556761070
1562000084
1563768122
1569387230
1570611447
1573134462
1580208395
1586384287
1588612440
1588634472
1593267239
1596521606
1600422870
1616362118
1621422208
1628065213
1630465472
1637714910
1643153764
1644898183
