-499741582
-480635389
-479103865
-478148575
-477338861
-473147527
-472678153
-468361514
-465275470
-462219797
-460903550
-453161178
-448489961
-446947156
-444144563
-439667265
-433899415
-429375094
-415283737
-413350858
-408390065
-408149393
-404434700
-403689641
-398527190
-398350060
-393948061
-387609992
-387586775
-378626328
-374481464
-370682505
-353144441
-341957992
-339834420
-334532970
-332414148
-328408893
-327925403
-325871094
-321838536
-309992541
-309716863
-304702092
-300210242
-297537986
-292800576
-291265938
-290446007
-288679240
-286974374
-280976097
-280654198
-271903742
-269169432
-264313235
-255246188
-253432531
-246289426
-244948623
-232170906
-229144159
-221181013
-211536207
-204226117
-191650187
-191380376
-190433989
-190175571
-189974758
-189138772
-187607542
-181534514
-177838401
-175724920
-175134985
-172989445
-171884037
-170695434
-163117492
-162733410
-155339604
-147860112
-140480445
-133234237
-123672067
-122934089
-104171936
-93307200
-92551149
-92013087
-89609403
-76217894
-70856616
-59300985
-58660156
-57314069
-54393460
-54282791
-53027095
-49395461
-47850387
-44243125
-42471261
-36560927
-32429151
-22514510
-21609888
-21520782
-19594824
-15242282
-14445010
-5470679
2733620
17293692
23055278
26548198
27348157
27580747
28471770
30945658
32211336
36766346
44158741
46459886
55740614
58473503
60215573
66028921
68253617
70646504
76636749
87438612
98964749
103410951
108314232
113748622
113826894
115117530
115146845
121573988
122303028
128345214
129861901
130904058
135151475
138425983
139431048
144723162
145754216
145764335
147771347
148721830
149961870
159349037
162951204
171125761
176366585
180947474
185231249
194269641
194730978
195566633
199863108
206546952
207220219
208683055
208845091
209790026
218905651
219858418
219984430
220235873
232553704
234665678
237306492
240483577
241339813
243743031
246568690
247306277
260301411
263917091
268043375
278707252
282491771
285292008
300106482
312268870
312309015
312876207
316768535
319845945
321318514
322145886
324971449
326287812
327121589
329747902
334470477
339518141
349696501
354175378
357074977
369930258
371034488
373470441
374450237
380364558
384091979
390959449
396270190
397303451
399877840
399987211
400485177
405898211
408378470
410311857
412846091
417883396
422257471
430994720
438416446
438651651
440991437
441626510
443094832
450506813
452328567
458210875
465160144
468427356
472123469
475809371
482305074
490845422
491340516
495636991
505222555
505827375
509183263
513943560
514939596
522597115
531152149
534988468
539707124
545056354
551349166
552368393
553067707
556022085
561558550
572171292
578904604
585013061
585173024
603676378
609460172
626638959
631447292
640007806
644505861
648556622
649129206
663170320
664448903
667208778
670563639
675275785
683312169
684937064
685862899
694547744
701681914
703754803
704984643
707063065
707938682
708155780
714103230
718498369
724493589
728744624
730095659
731241289
737739363
747631843
752478046
752609917
759545054
760411923
769292950
773631384
778028088
778831105
779123782
791153661
793712365
797029037
808390832
811060909
811986317
820056777
822093803
823269369
827680128
832348106
835324148
836883597
843171108
847314781
850762477
851874673
854450483
857448813
867368397
874338447
874967755
890764133
895349130
902832396
904136900
905437115
908296676
918568569
923500009
928065981
929684869
930116173
932600090
936984621
943641654
944533565
946725783
950352482
953788909
955388114
964899377
968114308
970078609
978392856
978799825
981293119
999412825
1002176697
1002189254
1014550654
1016049492
1019606480
1019916588
1026013020
1027533978
1030571703
1034072900
1034243425
1037211794
1063999260
1064048503
1074575792
1079318192
1079970931
1080799279
1093994227
1101828706
1102107798
1102893103
1115109604
1115911551
1128069409
1140853356
1143123511
1147700949
1149278526
1150690818
1152121502
1152573935
1153052514
1153489343
1153658605
1153872989
1153877765
1154549205
1155110729
1165649201
1166914796
1167904066
1173147503
1175408343
1201090223
1204731512
1209652272
1211349298
1212146710
1215697460
1224730322
1229466290
1232119633
1238522929
1238713426
1239888233
1240934450
1252364233
1253150937
1254427137
1256352822
1265812111
1267542172
1270766832
1272898559
1279282702
1283394305
1283878586
1292187729
1293708206
1306600096
1307712010
1318077842
1324375084
1325656601
1328110685
1340978648
1341946319
1342404886
1346226509
1354900373
1357662718
1359252225
1359376673
1359510644
1372807676
1373377263
1383354554
1387329849
1389992591
1390091259
1390643874
1394031492
1398023148
1398688971
1405523908
1413416220
1415671164
1420060222
1422630282
1424887803
1426602452
1428997396
1440550826
1453822633
1457828740
1460983785
1463514585
1465917769
1466064740
1469290162
1475698096
1479751841
1482073864
1482895149
1485884639
1486977508
1493496591
1497628890
1504046714
1504829657
1513295581
1519923218
1520068739
1520292689
1526909010
1527949936
1532211215
1536977361
1539287830
1550319663
1551243953
1554250146
1555971326
1558479636
1559651537
1561321841
1561859903
1562633726
1568662494
1578231641
1578826004
1580307924
1595640258
1606075413
1609215290
1612704381
1612836604
1613239719
1613692231
1637336392
1638539344
1646656276
1646876311
