-499938911
-499875374
-495493248
-492652516
-486877528
-486787778
-485064468
-483409340
-473295387
-472102214
-471127821
-471012958
-465049311
-462768554
-454859037
-448118640
-444906316
-441267911
-439140756
-432237034
-429897372
-427028693
-423939506
-417241502
-416625592
-414836449
-414645231
-414258700
-413864094
-413201668
-409814123
-408957558
-405955182
-401434502
-398315767
-397982990
-388507134
-383860240
-383793445
-383560841
-382248720
-380285027
-370637979
-361235454
-359404397
-357160812
-356382258
-352957198
-342827223
-337899590
-333188748
-331324051
-317986153
-312203211
-309155236
-306695159
-306209818
-302043303
-294069966
-293091422
-282446612
-276286211
-262989443
-257574437
-255938920
-246204202
-243767669
-232960911
-225103693
-225094630
-223420105
-216956844
-212339008
-205925035
-201546994
-192712813
-192380360
-189074043
-176311478
-172869829
-168391992
-165344791
-162267995
-160264657
-159405870
-154761459
-144470337
-140459829
-138525696
-135095649
-131160851
-131036225
-124254198
-121189412
-117704199
-112912851
-105921301
-98098393
-97085279
-97024190
-96667533
-94313493
-93129493
-83905364
-83819184
-83665200
-83545060
-83329760
-77745980
-71413005
-58526932
-54124637
-52968324
-52558204
-51438823
-49030342
-45149571
-42453327
-42350651
-39534273
-36968707
-34105283
-33342995
-32282829
-30115263
-29160054
-8988398
-5578216
-2215935
4980397
10142497
11947645
12213286
13250901
15294908
16449170
17500387
22995429
29787636
30063783
33039830
33183096
40430218
42044818
44182674
51095446
55829209
57265843
57948526
63619272
64526306
67176213
78670889
83031444
86425560
93513348
96064035
96750351
98569962
99327761
105211334
107128060
107714333
122264834
127163375
139655098
148990969
154372592
164995184
168386214
170116237
170476356
171645079
174744378
181343637
195928563
196422169
196444159
202636357
202937095
207443847
208041782
209106168
209983841
220632401
223106314
227343899
235063185
236811442
241836053
243598338
259813216
264406775
285454880
290030518
296965718
297990334
298128392
298277149
304359416
306484409
307320693
313227337
313912970
324511224
326356836
326553504
329242491
332576766
342163836
346335485
351733796
359749112
366363761
369006655
369210780
372235664
372340144
372456286
372753951
373321777
373516903
374462358
377148172
380546535
382120186
384121748
410516420
411717055
417376627
424376486
427026353
430177669
436036728
458703675
460638446
463179954
463461258
469974578
490425078
492098459
493505557
495871190
504771446
505118378
505475749
505945875
528788472
530488311
547752550
554556244
566106473
575646139
579481762
584234178
585741278
592846352
597757765
601522546
604912125
607377153
614792675
620237758
623716248
631063733
635794378
636209101
637612060
639561254
641942112
645815498
659065427
662850326
663751374
669839898
684215260
686686098
693046143
698178280
698239369
701432715
707042094
709399131
718560318
722663405
732409180
741914206
743319243
757308365
758058615
764417856
770166224
771397766
773693064
776466482
782160573
782818701
788848588
795493270
807276037
810076038
810785519
817974701
822847943
833644854
834700078
836379455
857328649
866652359
868754376
871553765
874785024
875220201
876973246
878927842
885345036
886572678
887959348
893172104
902817734
903645783
906616161
908279275
915442346
916759932
927870086
932671535
933239074
935655181
939978730
945883757
948833800
952214645
957969763
963451591
963769332
964722017
967648372
977519987
980957395
981273115
986175384
990538477
991388895
991836464
992089885
1011810647
1016694282
1017668589
1020696599
1025203352
1025334234
1027629426
1028620341
1031369103
1043295851
1045059995
1047163196
1049235777
1052291562
1053765265
1054860540
1054900035
1056231494
1060967034
1062485148
1064937762
1083480966
1085422194
1089337895
1093662499
1094579010
1097954564
1101215180
1112374941
1114361641
1118115590
1125976376
1126941606
1127828447
1132561461
1136869203
1143816585
1152638887
1164257404
1168520672
1170225106
1171310169
1177779441
1182839841
1191362161
1207017819
1211712020
1214146544
1214520367
1238416633
1239250865
1243748799
1251610530
1253170945
1253599514
1264668284
1267450862
1267964912
1275633749
1276987159
1281048261
1289926781
1290542892
1291052967
1291231050
1292349427
1297141491
1308264629
1314123282
1319298995
1325493581
1327123207
1331127801
1332431250
1335851847
1338625252
1339537240
1341047574
1347446683
1349983894
1353089391
1354186896
1360112393
1361769655
1361894281
1368736186
1374107242
1374686529
1383981331
1386106424
1392513893
1395290145
1402525417
1404888631
1406688191
1407437606
1408906528
1413026417
1413428272
1418384866
1419085575
1422065116
1423054591
1433838255
1443021137
1450122072
1454033703
1455814473
1462138184
1462987134
1463620720
1465149684
1475007113
1478170603
1481118579
1491310720
1497592321
1499238080
1513240469
1516087693
1517931329
1519629123
1519630143
1520653681
1536091518
1536786604
1537585904
1557970169
1560271480
1561472368
1572191091
1575620848
1576149481
1577024123
1578718460
1588876368
1590756309
1591500205
1595861113
1596192671
1598403153
1611150701
1612878461
1613002941
1613497338
1620092242
1626030281
1633960061
1637845173
1641395124
1643698748
1644436447
1644914669
1645316082
