-494420994
-491857972
-486670911
-485671250
-479046101
-475971592
-474498142
-474256811
-470828229
-464647845
-463416564
-458779923
-450228403
-440150619
-436561269
-435899652
-435662746
-431760307
-424129154
-424033519
-422442213
-414610392
-404767010
-401155530
-394857385
-394738475
-391594122
-387531348
-382254725
-380685088
-379887571
-374473999
-369951806
-357438905
-356690349
-346134960
-344382399
-343932787
-341844690
-330795256
-325019930
-320618766
-318490320
-316597218
-316100073
-315443027
-306982840
-304817268
-304004766
-299624394
-295393869
-294417072
-293637628
-288369844
-286928289
-284160341
-280235204
-270555300
-269973936
-261700233
-260876178
-260572658
-258288822
-253836054
-233389875
-226885924
-223819496
-222846974
-216223244
-214018158
-208092761
-198796489
-196270887
-194369035
-188700371
-186642366
-184047878
-179675107
-176628857
-175834840
-171065607
-167418418
-163317070
-152468236
-142575998
-140674401
-134381077
-134359227
-131888401
-129994072
-128780221
-113272282
-110109129
-97122486
-94008997
-90360155
-87980331
-79481577
-78377160
-68916859
-65107988
-64391008
-62659728
-62555458
-61699794
-53183791
-43466225
-39310449
-31431477
-30010596
-22550229
-20261222
-17319383
-15820787
-15597841
-12361787
-9412026
-9314586
-6448985
-3624558
696758
12312781
19393866
27173330
40457011
41088978
42067863
53165179
53412779
59957261
61224147
65034012
69252256
73927488
95794289
95988642
103293055
104557359
106587259
109113651
110066308
112816347
114944078
118273030
127668338
128833940
133149069
133769900
137214794
148919239
151447011
153831211
158650928
159945765
164831327
167829535
176568365
180113347
192272671
197473870
198127655
200563983
205361086
216648707
217497824
218168466
219055911
228629318
231286521
235596577
240657759
244133267
250844135
252343427
256697881
257495398
271618281
276498088
278123397
285953619
287796417
289837113
296050970
299526215
300630454
303372189
307439594
307812184
307842065
308080197
311137191
317572769
319246221
321783918
325234452
325947892
329562705
336180560
336609232
337035197
342493015
343115057
349576891
351449751
352686545
357316601
366995723
367133707
368161743
368483560
398289773
400932009
405026193
417873430
428557391
430077081
430469633
433478422
439290384
443007129
445582868
449682252
450849976
454240566
456125092
463995866
467215150
471241731
471680821
478883625
479026434
479056059
482716360
484886875
485156220
490609722
494764542
495779937
496843638
498021330
500228989
501778530
505913971
515256865
516966651
517076819
517779152
520979477
522767348
525253538
528095224
528672813
532584972
540510208
541986953
547223831
550708339
565534093
579730446
588561576
605057151
609234479
611541298
622591075
623913731
631191932
632733900
635506327
645136888
655228942
670711224
673763472
678361485
680246420
680330722
682386075
688844316
693514874
695355708
701909144
704116154
712659553
714520584
717452030
720767237
726783886
730836466
739467762
741892075
744830025
746229380
748728701
760645847
766866546
768168640
772974217
774375469
777385461
783202478
785319085
795282939
798513855
811392776
818035480
823600132
831204748
832510382
838719470
839885934
841837384
843249893
846597821
847838448
858492001
883782935
884874629
891905464
893906326
904339201
917085444
918436153
924525431
927926779
928628736
929850591
932764903
959477475
960395765
960788243
963615976
964440720
966250340
966259907
977465173
979765878
987119302
987125687
987940558
994936625
996865251
1000893644
1005319665
1010100679
1012111994
1014018344
1016620789
1017842540
1019595366
1019611747
1020292949
1022199795
1026423285
1029865202
1034849014
1034887552
1037815042
1039949164
1040774846
1043194291
1051572862
1053433802
1059406379
1069123006
1070950484
1071432450
1083051018
1085027403
1086591547
1091031706
1103165248
1112170561
1113179049
1121798309
1126017673
1131658435
1132652584
1145125656
1145219606
1152298579
1152632828
1159610525
1166445458
1167178087
1179493599
1181895489
1183274623
1183654403
1185237040
1186079993
1191989277
1205923420
1217932467
1233829951
1233919236
1234685151
1236026955
1244003245
1248679858
1249692983
1250508901
1253654701
1264761070
1269948694
1280777532
1286741147
1289432443
1307494098
1309864038
1311184945
1311577749
1312128489
1312334526
1316853222
1331742604
1332192696
1347341446
1349892238
1351386808
1353348566
1353436658
1355483474
1358797317
1364094535
1366684974
1369164005
1370937793
1375909627
1377804592
1379022150
1389229003
1389913079
1392819384
1392853569
1393419574
1393740415
1393883294
1395836978
1398575994
1401780992
1424803178
1425838089
1434249956
1443946075
1447833122
1456019096
1457504380
1459143305
1463071007
1466788361
1466864465
1470939570
1471853797
1473117846
1475302688
1477977545
1483820772
1484007748
1485624602
1488647472
1496580838
1499958845
1509197239
1520353026
1524038582
1525752610
1527951795
1530424411
1534586784
1534745803
1535286736
1539550201
1541306925
1544549394
1544725476
1551008879
1552731778
1559172923
1560833180
1567126527
1572039310
1581256805
1585438612
1586755026
1587134089
1588192005
1588879529
1589563605
1592469447
1601422611
1604334699
1607116985
1611253217
1613209655
1615385974
1616127824
1617355617
1624582306
1635589467
1636069209
1640516389
