-496120571
-495918907
-491277095
-484877276
-475849260
-470627658
-469042155
-467410719
-458231436
-457868927
-455303914
-455061443
-450479793
-444645867
-444306964
-442282990
-441341101
-439037103
-436352490
-432838548
-418104814
-416513615
-415632764
-408999454
-405969806
-402715213
-390945359
-388437781
-383536935
-383058066
-382890696
-373979814
-372819174
-366270978
-366220619
-357965836
-356225903
-350333716
-350144254
-348536615
-347304684
-338839956
-333581695
-330069819
-328835748
-321830516
-315770144
-311047900
-307323218
-300992414
-299016407
-294593194
-291169131
-285191990
-284802365
-284038028
-283620128
-282074258
-280316041
-278418076
-278175974
-269261901
-267046094
-257957192
-251486555
-247810144
-247045909
-246556545
-245192373
-243275404
-239316824
-232705473
-230406048
-230206234
-226604794
-221998469
-216563929
-206276679
-204425471
-203924919
-202815562
-198931073
-193744244
-190348115
-188563069
-185467491
-185063614
-184920142
-184822095
-182921791
-177134310
-176423448
-169317785
-165245984
-164568808
-161871881
-161243854
-159682083
-148513520
-143241275
-142431914
-140904869
-139167932
-138765681
-133879854
-131626331
-124031946
-121357521
-119703127
-118446371
-112177094
-107840947
-104900879
-97787696
-94932133
-92875772
-89223874
-88794679
-80095329
-71604229
-51107703
-43541686
-35324826
-34770039
-26613184
-25888520
-20029199
-1437246
-544098
10498352
19022557
23540163
26688906
27239191
32943162
39069621
40584218
41761162
42211023
45535417
52048115
61017848
68884679
71395764
72052763
74178609
75819781
77252045
81135503
83892235
88076734
92049037
93952772
104093894
111828742
119913623
121097297
122541178
133614796
135866644
139565611
141218480
141960166
145385084
153140471
164635086
167479735
175107164
176330315
186185738
188998875
190529151
203773423
208919597
225507690
238197336
240783118
248066247
250586886
251309338
261256557
269140992
279597399
282509177
284935770
285264551
287235157
288743283
292681014
295050659
298513334
299806373
312731291
314095571
315302450
329512579
331906791
333136901
334636948
337649123
340266591
341117496
358541345
358551033
361567589
367470845
368963786
376602877
384635280
385812224
385849158
397732531
407560723
407927183
408403109
409384696
411380358
413376780
415354524
419673030
420481493
429334173
432287678
433459900
434425279
434798508
434940643
439563215
443751110
448678884
465214558
465898488
471105524
472891263
474447595
482012245
499462141
502230869
508427242
509861180
511012632
514743884
517353594
520189063
521055640
525579318
534405026
534664733
538632716
543387638
544046910
548725724
559067695
562941523
565106622
567100901
570611706
575474499
575930651
576427562
587841361
590357769
593447722
598672088
602561022
604542025
607824409
610784202
611006594
617666743
620727386
624476453
626711762
627678578
628414146
628465616
630939519
633348630
637782205
638121809
640069191
648792096
650255848
651944778
652191270
664651780
664797101
675295062
680567274
688184528
691130263
691328032
693968970
700118526
707812565
710850169
712741422
715640453
718692049
719704749
724391140
728943028
731741763
736024533
747728726
748957788
753402995
756882498
757846523
763628866
768090319
770415798
771940712
777158739
790938326
791586807
791795604
793679622
797690072
804186354
812585001
817060461
819948242
821312430
821840812
825107413
833872422
841363708
845243137
853820449
856001224
857440085
864385497
868962097
871221189
880707971
886453530
892643407
893008860
900349827
904093116
908131585
908230884
911114650
911738193
913741824
925219498
927172099
928858498
935582343
941341321
945952529
950600071
951324511
959967552
969415776
973717649
974566334
979198767
979597165
980524316
986466889
988485816
989189850
989672243
991465074
993270943
1002429892
1007008635
1016640941
1028316733
1031469036
1037104250
1042609665
1053408009
1062788615
1064744288
1065504285
1067709915
1068517424
1083615604
1084508028
1085679287
1092095125
1101268564
1102046884
1103686710
1103777940
1112238101
1115485809
1118837779
1119364259
1128118749
1128475677
1133910799
1136894394
1137233323
1142678496
1142837856
1146748127
1146879276
1149645722
1160538605
1172715672
1175525344
1176124498
1181207353
1185795649
1190665464
1192482847
1192538649
1200554866
1204467322
1207579793
1210526786
1215892738
1226798814
1232434028
1241061711
1251539151
1251733137
1262207135
1268096848
1269466605
1269921703
1270911898
1273346035
1273799231
1279829806
1287686717
1289908814
1308077562
1313952783
1329507767
1330598342
1330650096
1345528163
1347109441
1349543332
1359357715
1367406589
1373361546
1384882235
1388708696
1395022365
1399819417
1404476264
1406850749
1410289601
1417941903
1419581499
1425102165
1428314354
1431618695
1434260649
1438127563
1447781807
1450111727
1453708646
1457279463
1467487218
1474054577
1482329189
1499437221
1500956841
1501703549
1501762595
1505804763
1507716554
1513527737
1515356075
1517175534
1517835719
1530309426
1538782353
1548365762
1549675163
1551399676
1561919738
1572580714
1574994613
1578034747
1581839167
1591667346
1599195371
1600079870
1604573906
1606248200
1609301223
1610473953
1618654161
1618861151
1624748908
1624808728
1628567713
1632749913
1633745407
1639085000
1641848434
1646306704
