-493322879
-493219047
-491056415
-484443066
-481511691
-480720726
-465132608
-464130089
-461137265
-452846659
-451158746
-445513062
-444889022
-436218343
-434101204
-433531587
-431705851
-427614407
-415788496
-410784813
-410079189
-409511316
-407925485
-405246103
-405006556
-395465669
-394628127
-390342711
-383290459
-374370658
-373738822
-370483628
-362448525
-359916523
-358384629
-357223042
-355860612
-348278936
-337551915
-330561604
-328318561
-313430093
-311128801
-306215042
-293022454
-292236883
-289961815
-287019799
-283293298
-281729733
-280977976
-279239713
-278772772
-276517170
-275111988
-260603243
-260258187
-258911163
-247253298
-241328126
-238928342
-233279912
-226299930
-223220076
-222356909
-214351091
-208355930
-207907821
-204988612
-203273388
-200686709
-198826015
-197610271
-190075397
-185896801
-183830828
-180784885
-175512087
-167452733
-161543193
-160283957
-156984237
-155416024
-151847610
-148943843
-144299487
-139903421
-138865345
-133122467
-131297624
-130797657
-118529891
-115773425
-115240723
-114895833
-108871784
-103454277
-100061891
-98951601
-97641550
-95605345
-87207278
-85379197
-77139678
-75886962
-75501123
-71386987
-66232832
-64866383
-61598473
-60145216
-60128005
-52906893
-52523886
-32196286
-23310937
-19322384
-17116961
-9179297
-4039539
-3368097
-1370890
1616099
2657397
2691422
4319242
11062268
17087912
33597676
33939617
34384478
37261774
41365972
42715068
55009098
58606042
61394796
63283540
75102270
76173857
78757290
80300288
81066427
84854579
84913175
85796652
89022973
91405471
94033799
96032300
96501244
102177557
112058178
119441828
121622243
122059619
124661035
125283675
129909239
163507030
165259988
168225876
171935953
178245304
185477146
185791165
191827421
194838826
196045761
196114988
198329775
203128963
205499637
211174353
211469089
213524744
215887046
226995948
229516042
229728883
230844259
232007533
233835918
249008157
250325474
255852007
265643367
266199007
274327296
275856560
278329565
280231044
281422033
286452992
290218182
292844861
293558313
296780157
299990282
301435590
302864106
303109059
303705998
305443054
306815987
312204156
320447825
323487140
327927049
329934483
333440543
342539957
344164409
346510903
352037436
357535144
360590558
368778095
376613439
379466764
388753003
389701270
390760411
393047526
394569221
394983726
396172851
397541061
398890503
400987560
402395943
403750482
410770042
411243288
411304557
414263000
416586224
426630322
433922590
439591772
442870776
445526531
445637435
447050243
452331907
466968199
468010526
475851832
476237192
478518751
478949068
484423223
485843294
496817456
506082156
507874532
511651996
516822656
517041144
518892622
522258014
525149911
534053009
539343437
541181051
543760521
552889451
566943203
571565668
577515870
578120672
578242789
580822801
581178586
584797793
588399274
588782281
588891971
597293796
598247459
599500749
602769464
603935968
607631549
612908611
613560890
614093481
623973820
632049200
640678536
641632199
647031941
648919553
650838340
652017289
652617079
653994678
657471472
671023537
672413202
683215215
693882513
694122100
702992377
724760308
726474364
729089195
729236934
730140180
735417950
737946759
740683361
751451827
755176261
758122366
762467456
762542728
772174340
772569149
778850602
786091727
787321738
788295442
791351338
793054458
801929574
803169805
808190463
815757434
820642670
821015594
823432000
826427083
831008956
850389651
851543906
851789255
871483789
881187685
884962714
893501522
902289812
918202323
924486349
926014543
938443201
941308824
942691680
952124652
968134668
968965986
970178033
972075975
985596543
990757571
997727576
998328884
1001838974
1006177481
1009157073
1010656182
1012308528
1020021054
1028986777
1030105008
1030607441
1035127356
1046198777
1053439862
1069005715
1072659200
1072780015
1073506541
1074230150
1075686436
1094867686
1107898549
1117307409
1123050099
1124359471
1127993479
1136236402
1139429551
1140952674
1142029656
1143041811
1152549880
1155274476
1158830777
1159187099
1159343488
1161937257
1162975504
1163271158
1167374822
1174016816
1175255414
1176051086
1180838512
1194635058
1196745064
1198712579
1200045838
1200075101
1202600063
1213242886
1214234513
1218088748
1218563411
1219141591
1231928356
1235855617
1242496256
1248045247
1255471954
1261387854
1262643861
1266539770
1267502112
1276888391
1277376270
1282912640
1285287984
1286904699
1292843293
1299357710
1303116146
1312423256
1312585797
1312830334
1320978503
1327759456
1328625495
1328651922
1328931096
1342130080
1348637051
1354798886
1364604836
1365213114
1367791403
1368877167
1369364143
1373459211
1379987675
1384851943
1385805521
1386518726
1386626947
1392290064
1400651378
1413537057
1417734603
1430747887
1437612538
1440051082
1442235472
1445676630
1448258621
1452815212
1459333578
1472682046
1479006500
1480472484
1487782474
1498469063
1499703832
1503732698
1503943218
1508940432
1509077208
1514569925
1516409132
1516577611
1518638881
1526931788
1527628902
1533590621
1533958704
1537312675
1542787448
1551298218
1565303594
1569291103
1571769477
1572389130
1574263924
1579959868
1586658961
1590408094
1590430112
1593057563
1593733398
1599338680
1603597892
1606781298
1615830848
1641820531
1642009493
1646529985
