-490632162
-489970108
-489794497
-484605120
-480599080
-480318683
-459949459
-457197110
-452482210
-452285686
-448297616
-442307805
-441071883
-440260230
-439534150
-434595269
-434575471
-419311722
-417666991
-411290542
-399483609
-398816301
-398462222
-391905380
-387938061
-383774507
-382280674
-380802436
-374844399
-364360479
-364277755
-358379730
-355882881
-351753223
-350582108
-349611115
-342777311
-336791503
-336071358
-329144171
-326008453
-322036455
-321639827
-320736039
-314481669
-305823944
-302834687
-269827053
-268504334
-257703899
-250965436
-248024480
-246652915
-238022582
-235082329
-221368881
-218946161
-214602091
-213093080
-209493732
-208296956
-207419436
-206782837
-205398325
-203063188
-201870043
-194057875
-193398204
-188670930
-172221935
-170605188
-160789844
-159429042
-151870995
-151063399
-148979703
-148325197
-139756396
-137696116
-133866912
-130266656
-119634805
-116157862
-109470817
-106955182
-100762981
-93037358
-91416912
-82084872
-76982826
-75557228
-74606508
-72206836
-71701475
-68287100
-68242602
-66777322
-61515854
-59863547
-56789380
-55750064
-48986658
-46382226
-45651760
-30248188
-23271036
-15317814
5347681
6234060
9917674
11479192
11792053
16229243
16342219
27627119
32332895
34665089
35176341
39796959
55354593
56083352
61404708
69405537
72236175
80230104
81130792
99525660
105748401
106854056
110983951
111128007
111995583
113831224
115279428
120797926
130129575
133811832
159184407
162519250
171185361
177677955
180754554
180773503
188504966
189442737
192489432
194415429
195967706
196225323
200448750
205646101
206291792
213145450
213701941
214520162
222286436
227341367
227462662
228784092
240160446
240513273
243438601
254258052
256772630
260751770
271713563
273100562
274134051
283356961
290382926
290802864
295962053
299915463
302050616
305991945
309241061
331528964
332807036
344099967
345283134
345664685
357262569
366381211
371509145
374440297
376943886
379998561
385089183
385606255
386404701
398288898
399436716
405019953
408908857
413986970
417466549
419292217
421958087
423814374
424303737
425995101
426392396
435760234
437690137
442425768
442528719
444232151
444428906
446166620
454066828
454755728
458317962
464045795
465689354
467737190
468181807
478140725
484589763
491908975
500357554
501162935
505602266
511327109
511445495
513336530
513556030
516045130
517246080
523023311
525094933
536207988
537492658
545500692
546862750
554572347
555604606
556139420
557104431
565958667
569019304
575083334
591326916
598965888
601860191
601929708
602928758
604156588
611424393
613946069
615203203
617799343
618076881
619825667
621563949
621889960
623561230
629195759
638921304
647805885
648604331
648995532
650179621
656513600
656748959
665084683
672923777
673215725
677710282
680752968
681262978
686968680
688743842
689522330
693036568
693681168
699571647
700815435
722052732
722863270
730905534
735676640
747540796
748773156
753327402
754292681
755005494
759990119
764843580
768681859
775489177
782280223
795730607
797190528
797529459
798953939
801438320
807574195
812561577
820915667
823540756
829375130
830248311
832802041
833104999
833203466
839261840
842059457
843302436
848448090
854199502
854511101
864282913
865602801
866194053
868266377
878567619
883898018
888326667
889378008
889773771
892183051
896302859
917663813
921944786
922530047
923309073
929550188
931489975
932057575
932332696
933621391
943935043
949800805
954019515
957958673
958093906
962950463
965687519
969697794
972179027
975011457
983949895
987026915
991251331
994552687
998419831
1002772956
1003218325
1006674487
1012129967
1031467685
1032817617
1033475323
1033488062
1035714471
1038047064
1039973365
1044512654
1045176587
1049735698
1057935796
1058252292
1074266404
1076806560
1080901373
1082872802
1089555385
1097083897
1100661223
1101314995
1102985452
1108347559
1116120843
1118949886
1131674109
1142227509
1142523827
1142759659
1152329459
1156209347
1156740290
1160905150
1162662932
1167746750
1169352656
1172537279
1173964745
1179914024
1182637451
1186993082
1188131621
1191842666
1191847212
1196167205
1196381400
1197305744
1200592128
1201904537
1205180676
1205394929
1211243586
1213261581
1213912709
1215763658
1217277604
1225251164
1227567820
1237037241
1246697259
1249618852
1251769781
1255906975
1261975284
1264407368
1268271286
1270521924
1270953776
1271095600
1271438078
1272010957
1274258424
1286080480
1290667479
1291587545
1292683648
1295985192
1302580402
1313834494
1314379392
1314646660
1318474927
1328857653
1329065460
1335100463
1338586146
1342923018
1349037824
1364270922
1371130059
1373099939
1374433851
1385284018
1389245699
1393176670
1393651527
1396591780
1406627111
1408523284
1410771652
1410900514
1413853257
1416172162
1419940990
1424181606
1428617230
1432641898
1434510008
1436906823
1452475653
1454432938
1458881554
1459260849
1463053726
1478308034
1481645967
1481724809
1500149090
1511171259
1514177258
1521037827
1524186247
1526233944
1534026976
1538212051
1541298935
1545616974
1546098569
1550735501
1553427896
1559331463
1561792855
1566114744
1569625574
1571435920
1572809906
1572962487
1581023942
1587869758
1598056521
1600854055
1604356796
1605917362
1606082436
1610283239
1619240040
1623281687
1635788611
1635944745
1636880856
1646345109
