-493141858
-492698916
-490838869
-486020273
-481998270
-480740575
-474603915
-469744330
-465785276
-462089100
-443360998
-431954487
-426908275
-413246818
-408196631
-406120850
-398284107
-397360680
-394399845
-392248926
-385670871
-383693489
-378660605
-376943636
-372866775
-367105009
-366848071
-365494781
-365205134
-362604141
-356313733
-351920202
-346463644
-343314116
-340207332
-336497632
-334767895
-321840986
-320742723
-319781784
-314167346
-306949467
-302891638
-300934668
-299997117
-297984926
-293225765
-289306045
-287759033
-279454107
-270950660
-269778051
-266055708
-262919909
-262588462
-258349498
-257635805
-256159804
-254552127
-253758564
-252585173
-251728783
-250319437
-244537181
-243576262
-242256553
-234682536
-231785775
-228267497
-227112980
-224400335
-222156730
-219143823
-209723272
-207333658
-207211053
-205140910
-204177166
-203531068
-197954769
-191770258
-190518357
-178889501
-178691741
-167005382
-164181206
-154917956
-154193533
-149670985
-148359171
-139389270
-137833363
-129014795
-128659849
-126439728
-122496232
-121093314
-120888520
-119265426
-118880220
-110177186
-105762476
-100722184
-100222208
-98570286
-88625705
-84156876
-72669689
-71779498
-64914171
-57722977
-23535832
-22718238
-22327984
-21142062
-10593061
-7844928
-3628295
-1406786
367776
3672789
14257657
14860821
20638702
23770825
26733239
27492168
27671090
30586429
31166423
51597677
51845838
55418537
57983806
63163748
64080950
70977743
79099841
93302857
94444713
97579869
103109997
105075055
108539971
108707545
109355512
110425997
115398113
116403884
120319259
121201881
122969793
125938221
130480668
143649207
151348484
152501550
154036209
159365994
159448494
160598446
161714057
163742654
164110463
164410402
167536439
187253364
190270705
196708657
198638903
199356389
202273285
203748670
221737123
222808419
231815893
232772410
236434364
241577620
242250503
245876208
246090793
248495311
248844697
248960645
253483559
260443440
262824424
263140053
268115169
270263117
275005110
284196121
285158890
285758632
287941042
290494673
293272524
295630248
296453383
301278224
308592759
308995967
321756403
328488954
337650085
339519322
340289465
342604727
350679615
352478204
358848377
364967822
374351061
389889001
398073391
405374475
417022185
418691377
419736634
426177933
433148566
434173215
437422695
453933512
454643830
454696354
457137845
457261050
458485871
460210615
463937734
466577649
469977258
472215848
475152451
477451153
480557376
484903118
486211195
488958385
494147425
494942965
495545474
510175945
512808657
515803860
519543511
519817190
520944872
523841392
524541625
529936892
531036946
534259218
534872557
536095993
538295887
539476170
546855323
551076096
558665218
560192662
561684586
561752292
576142672
583456722
587282025
591453082
602548852
602723628
620725359
621988239
622759746
632917323
648116650
649465080
661774968
665894511
671141376
676052799
679031765
687115851
687950859
690802418
691160151
695261250
695548358
699986900
700582457
706647991
706767021
706936198
710841548
714693319
721998693
723372555
728743314
749229292
749347571
753729982
754056727
755945791
756033449
760690889
766619000
768775911
786277729
789929162
793990848
804257371
806538915
808290333
816050974
819742343
820121091
824774820
826372722
826586856
835262545
835562203
844053525
844522862
852950422
854059137
857888407
860353561
872611604
876538366
878268249
891712319
892346880
894028803
896201338
898644814
909047264
927003525
931605528
932476537
934185999
936796414
946238755
952351444
960830963
962357569
968388267
974693952
982598970
983106068
985353196
990923588
994574761
1016888606
1030304668
1033946770
1042354174
1044273590
1046266002
1048157412
1053462512
1058708036
1063753152
1063998394
1071591281
1075407808
1079039091
1081406790
1082482988
1098953507
1104298477
1104430126
1104587847
1109059902
1109502181
1111038045
1111956753
1117187835
1119380654
1123953193
1124958914
1128051492
1135904824
1136135326
1147440830
1147621161
1153542592
1155178405
1155726581
1160646391
1162792857
1167652022
1171342629
1174120253
1174588001
1176423718
1177568074
1177639675
1187337331
1190658236
1191008395
1192543826
1195461987
1198200767
1198646999
1208996549
1220711159
1226775628
1227362036
1236184828
1239288043
1241319980
1243381801
1246513879
1247033305
1252716027
1256195440
1256910280
1259191690
1259553184
1261108681
1266659315
1272832099
1279642782
1296659977
1305687247
1307817460
1311386667
1319953336
1322998644
1325517623
1328024963
1328313406
1332929643
1333167193
1337766856
1341436589
1375489050
1377420896
1380765783
1382906091
1389536470
1398990466
1403249362
1407294275
1408854678
1409761308
1411286039
1412503949
1414082168
1415988108
1416960641
1424638785
1429805374
1434196465
1436088816
1441631991
1445109679
1447526800
1448424544
1459570236
1459709848
1460419757
1470234416
1480330528
1489794476
1490922131
1495332654
1496310824
1499311335
1505411091
1508472466
1514657584
1532597951
1535913119
1542682781
1544541092
1545655879
1548771802
1550599681
1551576040
1551657656
1564425182
1566448811
1568446518
1568539583
1575557770
1589963377
1591108579
1596825199
1598522494
1599677793
1600417361
1601349585
1603181061
1610368004
1619758324
1621439183
1623129978
1624049779
1635657031
