-498470164
-482645360
-467839922
-464049468
-458950803
-443086624
-441062812
-440558576
-438777560
-431682420
-427108535
-426131533
-422687657
-417352045
-411858790
-409520269
-407007617
-406033104
-404503267
-402592536
-393669297
-392211427
-388330342
-373945667
-373818583
-371583636
-350568203
-349445991
-347638514
-344660959
-331811079
-331024854
-329193135
-327356039
-326277916
-317655769
-315975914
-313850327
-304599749
-293454659
-292076373
-291961176
-289113791
-286443216
-282105568
-275856617
-268440802
-265316472
-264429165
-259485649
-258027826
-257241735
-256587858
-254601594
-253361268
-237878740
-236649094
-235975932
-229332599
-190242463
-181651310
-180296998
-177205677
-175486604
-168510800
-167845148
-164862652
-162324344
-159336750
-156036175
-154452016
-154034289
-143360481
-143117907
-142981330
-132250709
-131226910
-128985405
-124138807
-123598069
-113872270
-108033963
-105042517
-101056677
-99593978
-97040661
-92838649
-85531031
-85273873
-84180719
-81933221
-76721441
-76414674
-72450912
-70513845
-68120178
-62973218
-55835837
-55143407
-54964322
-50599323
-47621937
-42486732
-35868087
-27515576
-24029002
-19695560
-17197597
-16973828
-16939837
-6093246
-4533308
3044606
5077680
12062305
12075681
14233723
24500248
24658023
24997656
25266164
34643894
37075950
39989741
41963360
44858863
45078885
45370446
47201949
49459976
52797176
60166636
60346709
63653765
64328459
69312124
82471722
83206521
91417708
92392689
92419811
97944798
103199468
111568776
112212785
112364762
112410860
114729011
118949119
126694596
134518537
142486349
144962009
149797411
152251458
154026524
155399208
174646428
177987432
179676417
183196147
185070728
188464073
193300655
201907976
204799018
206104087
206570091
209210197
210147511
213709653
213930815
219383140
224538863
227175928
234420620
237244682
238384076
243175736
243234818
243558957
244400991
254797696
271112122
274601053
275978828
276410466
279066780
290435761
294802360
296454129
299456532
299505709
302505405
309683611
316756252
322397844
325262559
327268624
336130201
337632906
347190138
348075322
348345617
355465149
356486856
356542433
358753342
359553945
380459153
384464225
387436378
388353934
390299093
394540050
394717922
397733739
402150226
404551390
421455843
425371675
426849574
426943090
433009638
435852439
438100758
438924907
441157035
442161812
450326057
457782642
466086336
476961024
482334022
497442366
500792544
506513486
509846319
510873152
515734018
521908458
522067701
536653768
538886665
538891747
541395604
558643042
563714206
563805712
569240798
573586051
573620042
574220111
582091684
582188616
586299443
587206343
587573577
589142440
589933787
589948975
595495698
597749955
598308980
598747014
602312211
605537083
611939541
618342237
626132550
631724927
631883613
632834784
634399587
635971590
636583363
649344037
661084645
667303029
674847348
676909481
682916465
687309316
691325038
694789092
696008599
698323801
699703499
703197027
704506325
708552935
725205969
727674646
734985696
736264805
749259910
757526528
760952494
768011119
771445520
781543670
806176326
809945308
813132824
815685700
818954727
825438805
826139696
827285415
830947877
835413681
836875628
844584594
852009125
855060334
855109520
859743357
862899071
870774095
871223406
871530957
882680898
884793939
885104123
889073756
894016440
896708824
901891618
910691502
910715171
924412622
941217988
942481161
949745828
950530915
954389474
957489772
962552197
979603540
987969782
997304087
997503120
1001747895
1008049696
1017715184
1017790573
1024984972
1030006320
1030629546
1031511143
1033131622
1035053605
1035658132
1037416905
1040337076
1041295115
1050869820
1052648119
1056923769
1059298718
1063862035
1068108965
1076105430
1080793503
1094657519
1096129680
1102918512
1110761290
1123213998
1125598616
1127369480
1132344994
1136020379
1136813687
1138869044
1144754816
1147763330
1148952381
1149489149
1149699634
1156426996
1157784652
1161962746
1164831574
1166475159
1169741809
1170153251
1173844285
1176094225
1179993388
1188857375
1196012639
1196318300
1197124901
1197979276
1200486289
1204103793
1206964561
1207349808
1217115766
1219802609
1239750327
1247091001
1250925926
1253437464
1255860292
1264603833
1267525487
1272142008
1275344886
1279829504
1286987634
1291402920
1294041397
1299763721
1310277369
1326042785
1326205771
1338240590
1340111916
1345181788
1348721308
1348951309
1349430710
1350329595
1352556799
1354996852
1366737237
1370210136
1371494476
1373676643
1374008212
1376725516
1379544130
1379947705
1389182124
1396339346
1399027662
1406484667
1409971421
1411132055
1424776683
1426952861
1433638892
1438527717
1441000641
1449502349
1449722827
1451676189
1452267782
1465879808
1476683629
1478411696
1479283049
1480973163
1483048921
1485586132
1487070943
1488449669
1493152929
1494565723
1495045581
1501896661
1502348635
1502431739
1507755286
1521850244
1523957213
1525544656
1530237823
1533993024
1535827365
1544271361
1553278340
1559871970
1561776606
1562232299
1562628857
1566103464
1566593853
1577138169
1579505075
1580029525
1580752623
1582236262
1585714171
1591256218
1593555780
1597319691
1601420765
1602233176
1604901161
1608691740
1614458224
1614664378
1618675217
1620098112
1629481234
1630098312
1635119841
