-489634982
-488720970
-484380181
-481768906
-480721012
-478181794
-474180356
-471440939
-470091504
-468176026
-467967053
-462329585
-462174479
-461936163
-460566248
-459683942
-459190057
-450338292
-443623578
-443053693
-430893332
-430063599
-429366672
-429299423
-422957653
-418897390
-413297476
-410856366
-409073398
-408175337
-402366057
-401504538
-390495501
-383176103
-382018396
-381846232
-378266841
-377852769
-375231738
-363882511
-354863320
-353850985
-345291153
-338453623
-337950782
-335133231
-331950225
-328488129
-323590990
-322232643
-321230280
-317493770
-312147507
-310402364
-305704165
-303395578
-301878945
-293718290
-284336495
-280388051
-272649147
-265789171
-261170715
-259541783
-252968839
-250743100
-247122020
-236104422
-229410435
-219079728
-215868708
-210569654
-197391345
-181943713
-181376281
-180968932
-174923252
-174603343
-171386247
-164386400
-160567314
-159000575
-157225548
-146834442
-132243320
-122483627
-114472728
-109179132
-108018318
-107238678
-101245668
-99757402
-98651147
-98175586
-97830365
-89714167
-89377100
-87831563
-87257745
-83595872
-83261420
-80573765
-79072245
-75974783
-71014278
-69449702
-64691666
-58985828
-55708793
-51072011
-45529813
-40052459
-39483710
-38262302
-29672723
-28076522
-27234866
-19519164
-13735357
-11111276
-3969381
-2887015
-2197722
-837553
14673981
18171978
29550606
30315263
34752212
40953970
47739606
54178701
61112237
64385879
66194118
68468292
68984358
70499280
74080392
74080523
75124909
76086843
78434959
79012318
79457794
81429064
86957221
93614209
97331608
102560549
113452213
113658133
114524931
138290203
138627570
139788251
140203169
143597501
144542296
149394491
154597939
155041787
156521297
159239945
162762940
170983037
172027143
172129145
172536426
182983392
186813277
187841708
188127572
191322001
191855276
192867308
198252961
199406602
214518957
223793336
234736999
245273053
247187163
251010931
251823990
253005511
257364631
257778109
258646246
259738362
260460411
260677003
273245964
279864549
280490292
283647964
289817464
290083788
290933941
303095390
305916927
309297148
311213442
311235535
322112179
328915034
338908387
342323690
343248727
343587342
348464062
348476699
354866372
356273572
368081784
370558841
373828085
374437889
383044555
395051429
396147612
397098347
399212724
399313000
405907305
409281422
409678018
411199003
414048559
422917991
428052022
430014554
432463790
443231951
443323820
444757835
449029737
468261195
469018055
469035974
472071832
477106342
480311347
484581551
484585502
484596926
491090906
495597365
496585120
497330834
498752599
502129553
505191786
516983693
521414398
534880930
544464210
550796008
554269717
563246888
567630739
570164118
571629230
594444593
604989548
611866925
614170987
615480445
616117899
618733604
627063685
631737718
635951469
637239922
638283215
644194410
649356798
658987326
661599725
676725393
678050980
683417932
685531034
691152874
691847829
693487734
693805454
693935256
696828972
702536317
707024654
708666351
710414847
716218682
719584240
719868751
724989589
725043719
734121513
734758760
736843463
737662720
743458605
745314059
748401993
754976787
758371058
761872615
789768961
803129761
803205270
809134478
810606750
812464599
813212384
818803976
837847602
841389554
842060442
843477654
845904866
851890025
853134403
853283161
856195312
860663998
861685911
864006143
870082322
872314430
885909820
887523158
894303592
896170731
903107219
921550276
923804656
926458744
933536732
935830632
941104729
941300725
941365602
944731652
945166763
949426613
950070126
955675107
961508056
966859926
970171872
970453387
973807797
982214912
986073207
989681268
992285287
998181037
998459244
999463380
1005011415
1007354183
1009887140
1010507181
1027677455
1028713773
1038615308
1048111131
1050879578
1054272974
1060243546
1065179607
1076676887
1084961004
1086923363
1095955875
1098621999
1098774613
1103221934
1116993952
1119092716
1136672935
1142996997
1143317718
1146091036
1149068936
1150525641
1153807890
1166431577
1173504990
1176016670
1176453582
1179423226
1180575851
1180708708
1184979528
1188076724
1192827306
1194626189
1198171518
1202156093
1204132347
1205973706
1215493077
1222711962
1225205905
1226498451
1226868632
1228862944
1242344515
1243870610
1246533946
1251833025
1253705336
1258719342
1261692440
1271112013
1279658269
1282462932
1288591495
1292022471
1300265413
1316319798
1317500036
1322765382
1322857822
1323923891
1337959458
1342862873
1351560721
1355963080
1357190583
1358104182
1364484096
1368656922
1369364179
1369645035
1381776723
1388637513
1393741410
1402578128
1405114305
1406301867
1411711522
1413691984
1428165464
1435415611
1436224258
1443382306
1445815515
1449641528
1451326748
1452524253
1457803210
1459276708
1460077430
1461232652
1464749977
1468656952
1472745658
1475344352
1476290987
1480194291
1480637445
1488501622
1496582342
1500344068
1501776907
1503726015
1504135608
1510710315
1514440853
1518410118
1523644713
1526233300
1560070600
1565138839
1575238362
1577661737
1578871498
1579091808
1587046593
1587870059
1593325956
1595975043
1598668526
1603001187
1605501117
1605665877
1621092263
1624433835
1626115977
1629040591
1637678141
1639240706
1640143277
1641281889
1641478931
1644068345
1647311484
