-498639221
-495173675
-491782797
-490202321
-490087492
-485404723
-484424050
-480184843
-470080671
-468456585
-462674681
-458230435
-449781405
-447593780
-447522617
-442553700
-441874166
-436040771
-430611237
-428215698
-428135825
-424165131
-423715138
-418509982
-414888995
-397985070
-394540012
-387629770
-386639701
-384526212
-381727203
-377264751
-374678619
-369696385
-359486876
-358788592
-354289551
-348751633
-344495580
-342850145
-336789711
-336064105
-333759266
-333496510
-329756336
-326151597
-315533417
-300486862
-298049933
-297487776
-296232267
-287966076
-281277788
-281191827
-258821928
-256281333
-253140358
-248380321
-245871736
-245837472
-239034591
-238907854
-235258410
-234937352
-232607651
-230503082
-229997936
-229482368
-227517091
-227376357
-226979975
-218629806
-217987606
-217542850
-216955176
-216803085
-213334457
-211897526
-210303400
-208657897
-208478358
-207188017
-195299279
-193360089
-190790668
-184872813
-184170629
-183618110
-178764811
-175732949
-170127961
-169476965
-168339424
-166287670
-157966968
-155115800
-152166697
-140279205
-132823028
-130243198
-120330690
-114702316
-95284651
-89873209
-88980659
-85248273
-85046884
-75371372
-72648660
-66015177
-62884389
-60566460
-48601264
-45268069
-27033124
-13534755
-12256519
16766657
30990934
53517714
54218541
57230279
58913991
59548039
63554437
64976329
72893516
75964145
79477527
81179375
88112097
90449096
94483433
95071456
96351446
101197471
108925449
114036615
114180759
114569583
118504213
124454156
136451372
145400340
146906704
147509822
147748448
151832256
164723605
165008027
167057946
170590578
173046262
177426528
180205279
185475831
188050775
193707299
197997941
207404069
211032606
213917704
223823478
228826345
234396790
235119579
235850039
241928698
242191745
242467636
255665196
255687269
257285447
265198517
269158440
269862229
279793795
281138953
281827334
285897570
288846110
293306443
296710084
299886474
301473521
302970796
303080623
304441403
307074521
309691667
311704847
320017615
330631762
333821459
354965567
362162880
362932005
367370520
368954298
374777640
388555980
389313556
396207411
397127466
400039596
400210443
402206409
403296015
405434357
408843127
412736741
415311477
416916703
426335702
427824981
430515307
431250429
434771321
447835563
449107859
450274013
451836585
456726345
466846026
469424326
473437311
485186982
487433372
490633325
492217621
493803242
497674135
498129729
506937523
513645922
518894863
527430784
529595678
531308163
532413267
545880543
552596207
555824601
569536520
585559308
601028984
606011142
609246187
629602016
630377689
642766627
645027549
645106035
660603500
661154125
665994515
667943909
676643343
681846011
683332464
684385122
685756766
686829886
687530952
688232500
688458018
692079411
693682194
695185777
696219925
696582309
697520121
701675184
703365376
705019177
726729192
728788042
733819050
736389283
736403315
736419950
738563776
743984730
747081823
749149536
757397780
759099377
762268244
764602755
765265601
765608688
768292579
769630825
769646002
773663222
776939587
786700920
790212086
797796282
798476153
801880684
802979051
804366800
808599511
809007362
815240616
823108073
832712877
837078061
837326044
841495000
842618306
843969216
852733435
853651448
870094342
880133029
883881485
884358235
886529065
890216084
900367319
902177525
902524604
903839790
907219701
907978694
917151556
929333232
941573599
945306025
954175313
954255167
957312291
957769286
959111436
961081661
961323900
967303165
971006232
971096605
973449605
974132467
975176854
991910127
997354692
1003991327
1009669559
1009719898
1012669588
1019893076
1027825750
1029094217
1029112816
1030640967
1034891216
1035267666
1037140652
1039062671
1047515070
1049022983
1052801840
1063694429
1065174753
1069035556
1069639920
1072796987
1080722543
1081915339
1082437143
1085066907
1089180650
1096281489
1106822962
1111178383
1112539163
1118566082
1122854442
1124323551
1124374016
1127322396
1128998955
1135660007
1146287393
1147966510
1150285758
1150650661
1157324372
1158903968
1159096403
1159454430
1165129282
1170118718
1171038375
1186379201
1189200030
1190063920
1201568216
1202144441
1202149570
1202501972
1202581790
1214627678
1216892804
1220739119
1235539047
1235761666
1242595751
1247918772
1250581380
1251985191
1252877342
1255823119
1257457627
1258616515
1258905463
1261065971
1263464499
1271126776
1274560060
1280671377
1299134749
1299957752
1311159211
1311330126
1314562939
1317060498
1319376414
1322950211
1332747891
1334465662
1334505306
1335173146
1339136838
1340189336
1342609975
1344502896
1345314732
1347807128
1354809381
1361766478
1366285132
1367524057
1372270529
1372694347
1372994311
1381828215
1389980470
1393688708
1395722175
1402646369
1403108492
1405469688
1413011963
1413174141
1414759087
1415713309
1419603800
1421949465
1425626951
1430386716
1433693269
1443807385
1444287046
1456553605
1460654228
1462077021
1464977682
1466202805
1470067359
1479865039
1487152492
1496122135
1497596060
1500005478
1507439661
1509224969
1512724614
1513467082
1516119692
1520401681
1529261912
1532432850
1541086906
1541100739
1546016924
1560054069
1562222768
1574914387
1579869226
1586246269
1592941599
1597020089
1600219371
1605546775
1609601542
1624119464
1624177197
1626793012
1643160194
