-498918064
-496602321
-494547236
-493535936
-487037858
-485723949
-477916934
-463568648
-463080337
-459121913
-450889556
-450579206
-447863752
-447201327
-445057199
-443741772
-432548484
-431514143
-430120241
-416854861
-416410007
-413015801
-409043239
-402903884
-399405862
-398324705
-394733635
-390209088
-384268507
-379648322
-376379489
-376172489
-371245126
-369431758
-365145134
-363527573
-362738269
-361341060
-351597672
-341511514
-339967856
-335813655
-327520631
-327307828
-315955676
-312412121
-302451668
-301530282
-299921486
-298472399
-296137740
-287731932
-283294122
-281507760
-277541082
-275254020
-265701834
-263417230
-259878769
-253502526
-251871840
-251573815
-244506035
-242355257
-236662995
-236154724
-235300025
-235141827
-232789131
-227886423
-222824007
-217637397
-216776091
-215245539
-211404850
-210119769
-209672556
-208331664
-201869339
-200300106
-193954865
-192803774
-191707361
-181626386
-180991751
-180798058
-172894570
-172399061
-171276970
-165431104
-164515302
-156062728
-153517856
-150979677
-144275388
-142226234
-136703626
-134771649
-134405421
-128816809
-126680636
-116010310
-115897809
-113333219
-113023652
-112637733
-101769764
-96635834
-90727783
-89320878
-88359589
-87686977
-78107187
-64839016
-57482438
-55476294
-52550049
-48261330
-42829126
-38577520
-36616031
-33218352
-29492594
-28942226
-26788556
-26178264
-21437514
-20456183
-15254633
782773
9669929
10581095
13614221
23850793
24880658
26676046
36881615
41387309
42023106
45161496
45712629
46632564
46895430
58781495
62690192
74065238
78028551
80790872
89206029
94024512
94317228
100820385
105362272
105937137
121525322
134470501
140349172
141330188
141604898
142018609
145195448
146863320
158362482
158416201
158664959
170700144
170759777
180192492
183273267
208933473
215971203
216637284
220192193
228914663
230516811
245837088
261421674
270147314
274948504
276611378
281593999
283478200
289590683
290474505
301362333
302266346
310730390
316322384
316989550
318254809
319009007
321896136
324526026
330654806
331589157
345483503
347764350
354580927
356411735
356603111
357439184
367055091
370982831
374938900
379437991
382608798
386702330
389861644
392059225
393331399
395156812
404005973
406023905
406981888
407952984
410850881
415179150
416060944
416978387
419040150
426773070
427174222
430571901
435429613
437190764
438272701
449809725
450060314
466319535
473236615
473489061
475027018
490649851
502889138
507575195
515459269
518242686
531014975
531578777
542247221
542922874
548522756
557691147
562341013
565104513
566137617
570056612
570963942
581225726
587745967
588540313
593162618
606919988
609176936
617758621
618075444
619892989
621926399
623528208
625451036
625498848
627549047
631036482
636957214
641192928
643582997
650259250
651319466
665354148
665835189
666074732
666686818
666772599
672545524
672588933
683314487
688378846
702736400
703644059
704575318
710171777
713831633
715953166
718487458
723415381
723815656
726326598
727174143
729835100
737187304
738091707
743068286
750247293
776376455
777240218
781869108
787369769
790013596
792940612
795062184
795764153
802307617
804411695
809804128
810133743
811478285
815623776
821536424
823247113
825096174
827492173
830281981
837205193
838926651
846598908
847099099
847869887
849572764
851888793
858000478
863614533
866922745
868164599
868300200
874206619
876054188
891401717
897353549
922351823
928089639
929098409
942655386
953815355
958259569
959001493
959887575
960340646
966124463
971359950
974690383
974722315
985917059
990735019
992320562
992603320
992777398
994477970
1001246899
1001702264
1007387095
1008563483
1009817074
1011491904
1020244280
1020797582
1035646291
1041940193
1044175387
1048526603
1054557475
1055599276
1059630484
1075620333
1075758509
1080417981
1081666362
1082421590
1084513228
1088144257
1101388081
1102487207
1108337257
1111493176
1112575113
1118365581
1122280684
1122377240
1127369968
1131043074
1141867612
1145795855
1148649090
1153844208
1154575755
1171585164
1176620726
1184009162
1188141228
1189970109
1190127654
1190307138
1195256130
1195357721
1196639658
1203619734
1205561986
1207942720
1215136872
1221187858
1225174580
1226618728
1227055723
1228430406
1229068553
1236134217
1236466849
1240910076
1244825179
1249737739
1249757568
1252738216
1253324156
1255802705
1258646071
1260007413
1261641230
1271427715
1276166167
1278887699
1281919540
1282214677
1282899933
1289251625
1315765190
1316265641
1325335473
1329962668
1331038165
1331121588
1332377308
1337848257
1346524535
1347851920
1355899695
1356345049
1357164131
1361055986
1365489061
1369100464
1369159792
1370298212
1371002958
1376565727
1377336650
1379321735
1387000649
1394747287
1394976246
1397312351
1400496148
1405795514
1406728505
1408047310
1412259578
1413831299
1415058754
1436112864
1444163725
1446424480
1446856456
1453579750
1459876463
1463265032
1465142376
1478101852
1483298785
1484988231
1486117557
1486383553
1488437800
1499223153
1499471222
1500081457
1502382776
1504156343
1508169869
1510251276
1519584377
1524939153
1529202177
1540609970
1550081453
1553835069
1555534217
1557413373
1561165560
1561608384
1561624619
1562318274
1571156566
1581755071
1599489551
1611030020
1616578785
1617766096
1621009408
1628959713
1629201482
1639779837
1639791233
