-499769730
-481951398
-478309809
-476873513
-475951555
-472809129
-472517987
-467727205
-460027643
-455670248
-444483076
-430167662
-427473318
-427280768
-419958340
-417483099
-416401421
-416253017
-414558490
-410012484
-408187913
-400103927
-399536948
-398432492
-396246891
-392030895
-391325610
-390850957
-389933849
-389184146
-385210304
-383264951
-381076919
-378921584
-376454857
-370300337
-354816726
-354615786
-348047646
-344726152
-337344933
-334848254
-334494862
-331045101
-330785082
-324320915
-321436913
-321154532
-320091781
-319025455
-315032007
-305115136
-297401480
-295613036
-293535144
-291495959
-285385933
-278769404
-277354076
-276735520
-274715360
-273146266
-266947339
-261038772
-259968659
-255883509
-252547048
-244245111
-239817855
-232572725
-218801121
-215127620
-212067785
-208117530
-208002849
-190038196
-187814842
-187624226
-187366560
-187232000
-179182461
-177368119
-176200695
-176103732
-175887057
-174799180
-159801437
-158432704
-153293954
-149886106
-147651869
-125961678
-123644365
-120622362
-116426935
-116276735
-115704816
-115600824
-108806045
-108301302
-103649286
-98383704
-93929570
-83971711
-81123191
-75288993
-65058959
-64220180
-63074589
-62634276
-59356122
-58445038
-57440721
-57276123
-51985558
-40585249
-36356490
-34873960
-32881959
-30185222
-25869490
-23149536
-17287288
466991
5390964
6854358
9649289
14240123
16667645
27609420
36362743
38247688
40632779
48032152
58253481
58486185
60332722
62136152
70768670
70820969
71882920
72510897
75941895
80145181
87158283
90509770
91249142
92058605
97505820
105214409
107711026
111605788
112053000
117130697
118798332
118971504
120204347
140115852
146760695
150894067
156518483
162580757
162614888
167523585
168812097
172202303
196894222
197147133
206410991
209683063
209824499
215280561
215460657
216316106
218402764
241338779
242917016
253825717
258069687
258999546
259305581
264120598
269124644
283970825
291668856
295439003
301375290
301636586
305863210
308731190
312907799
315628819
317516011
318463236
323487652
338136005
348826157
349273187
349307884
356895101
358185137
360463835
372306766
378112595
378721323
396157506
396205865
398478860
401396320
407280895
412898305
412924788
417333035
418492532
418966714
422825235
426785676
430983490
432075739
433748772
436806609
437386317
439337170
448515635
451154646
452883852
452925702
462165881
479007547
480345788
483968374
484198644
487523080
493228713
508887056
516802613
518933836
527645816
527789396
532114214
532419427
540403041
542664913
551204408
553316162
554069154
580228607
581501989
594437557
596135237
603556222
608057667
609677971
610251403
618650369
622098771
624628969
632473553
633203355
633338362
637020742
641757012
652812322
656038230
658349062
661648961
669054626
669655974
674809103
675938809
680960326
683955009
684526303
687868687
689740174
692514495
693278790
701700147
704111605
713967777
716673647
716936941
717647076
731825915
736447850
742087253
748031419
748691464
751820310
762886020
766965042
782202125
788141089
790285684
790490882
802325290
807120419
807625935
809216819
812921985
818484375
820912396
824887977
830215156
835840049
836343923
838733819
838964089
842368656
844928561
848961645
854024440
854826756
862057862
866059702
878941279
880263234
881251295
887482864
892106972
892655699
903632833
911379044
917646363
919029712
921337054
922499702
928426200
930111229
930792951
934981789
937792419
941694808
943165159
951953578
953750632
954196516
957366960
957422339
963317849
964217343
967729879
975942407
976217364
976817816
977402310
978701834
981047330
995060090
998522424
1001776326
1003958659
1004008687
1007716337
1012059631
1013997093
1018251298
1021134650
1028259739
1033019190
1035844531
1046167409
1051537036
1052199365
1054643165
1059108702
1061405280
1074563744
1074801278
1083769353
1084688019
1086640655
1096682108
1101303630
1108368753
1108978459
1110542077
1113816133
1115169504
1123519605
1125295216
1125724019
1132940544
1136484304
1137864578
1144711702
1149353437
1156983263
1158504183
1165091654
1167516337
1170520964
1171378214
1178680926
1180068264
1187452513
1193837062
1202222503
1203846263
1206258266
1214107680
1240155600
1244991660
1247078889
1250750998
1252344470
1254592256
1258722586
1260551057
1269793406
1279359715
1283778442
1284384423
1287593246
1303687458
1304073006
1305962303
1307597822
1309345061
1311560088
1314881583
1317436760
1317455838
1321142481
1325994078
1336192509
1339431080
1351169673
1352320931
1354600906
1373976734
1377752946
1388035415
1391452168
1396920393
1400607729
1406153501
1410882009
1412796768
1416861242
1420265119
1421354691
1423888905
1425500908
1429041436
1433112000
1442399386
1450019517
1450614631
1452691780
1454442411
1455063958
1458629306
1459447506
1463512442
1470740382
1472050323
1476417574
1477985511
1478993872
1479562999
1482208780
1485591595
1491466357
1492542278
1492701704
1493889785
1498779734
1502577194
1502833778
1503930566
1510019203
1513909897
1515110166
1534138819
1534341697
1535631961
1538146063
1538867667
1543831133
1551494896
1566954961
1567912080
1568001012
1568019093
1574329815
1576393843
1583902010
1605409581
1607733396
1609790517
1612241832
1618535318
1628712775
1635903656
1642218066
1643418711
1643429603
1644162153
1645072190
