-494664172
-494241145
-475344579
-474164964
-470095297
-469210184
-461313121
-445045592
-443181426
-431030115
-423849731
-423621008
-420544663
-420175989
-417819880
-416998919
-410886568
-401748925
-400426637
-399412170
-387459779
-384096505
-383710363
-372179449
-367576271
-363988873
-361568734
-354692092
-350279322
-349630084
-349481647
-349018111
-343519877
-341198141
-340599141
-337514891
-336753357
-336647123
-335232852
-332472965
-330239943
-323948479
-322289206
-321627485
-320627062
-318071654
-315551691
-309165970
-307991117
-307466273
-291829332
-285483113
-282178032
-280147285
-274570651
-272871435
-269684139
-268751281
-267911345
-267117409
-261254097
-261050413
-261038287
-238496388
-238270201
-235792695
-235409395
-229840204
-228448625
-224595085
-223376410
-213647739
-197135910
-194902889
-189054342
-188110364
-187008202
-177838211
-171257568
-170839084
-169166123
-162712908
-162448269
-150361655
-147697858
-140288473
-131233130
-103113270
-95278824
-94195488
-92653986
-88272892
-86942544
-85221526
-82563085
-80814687
-78333928
-75239990
-74294791
-73178093
-70906911
-68968090
-67412421
-66321671
-62645638
-58108353
-46430985
-46158632
-43096060
-40282681
-38239818
-36336679
-33399602
-31247149
-26840001
-21791106
-14084050
-10680236
-9540061
-5688723
-2389950
-776517
4043931
4723582
16899830
18719529
21250940
22550161
23617684
40202572
41413303
45127800
50484385
52337194
52420711
64110690
68551124
69345341
69665739
70102898
70686656
76578121
85177450
86768906
95861125
96723841
101049492
103517809
105366022
112261783
112262509
124603641
126244414
126753642
127016198
130526735
145548797
150319507
157434429
159337991
159713615
160109903
160615660
160821226
166448008
166997167
168385608
170011817
171263992
172240117
185563462
185622750
186049395
192940679
196350117
197503330
198955180
199888363
200801633
208008750
215570068
222561929
223904271
225516857
225559996
226240650
227166779
227895425
233692055
258091193
260301445
262664193
265442634
269526022
284425849
294571027
296802436
299430725
304664464
304726992
310231968
310708478
311212408
311729831
313629649
316238743
317065659
322745326
323264870
329474309
333747875
335389512
336487119
337703975
339391074
341203338
355435303
359596760
365247609
365401512
367601310
372484716
373474028
375091924
376541885
386333441
399239824
405346216
411075770
416392779
427557718
435980693
437328635
441900314
445052125
446956150
448741275
448794528
456786862
457174125
458735500
462950921
467142334
470687313
472566437
474824075
478436848
490245163
490499967
497627504
501613781
512278477
516481315
527254798
530459380
534344561
536918374
544221118
549670191
558606253
561249196
581415658
587225794
590183310
592797990
595205557
598083089
601391760
620091445
622226977
637863334
639237780
646509694
655826741
658452065
664502756
673184391
681736794
682717867
686426804
688000833
689636388
693924700
695882501
703168397
714583184
715490840
715866625
730240439
730432201
738551739
739071650
749309221
752373649
755189267
762546805
763876869
772928238
784512822
788062872
790133842
792353228
794373849
796656468
801522994
802442423
806390708
811076317
811615117
815227600
815450642
817501213
818562065
826108130
840761310
849764806
856820574
857867156
865193274
872288082
873950447
874602110
881595057
884931945
889875460
891918147
892941058
896089863
899226250
903173398
906832810
909587366
909731195
911069141
911109358
914189588
921785293
921924899
932005863
939884832
940503758
944721148
948802579
960472172
963651385
973673172
977850738
993935171
994505700
998117060
1013762951
1014034505
1014616650
1022127587
1022634304
1023050822
1026732733
1030137068
1043614372
1044724833
1045209348
1051033617
1059590504
1070533413
1070558081
1076292268
1082602082
1095943327
1098460435
1101293365
1102007386
1102400224
1102806671
1104010300
1107106369
1107411868
1109592406
1121679162
1128446871
1129258469
1129938001
1144388516
1149909065
1160302708
1162229441
1163469522
1164702034
1166037914
1167786564
1170129254
1171234807
1172354983
1174439630
1178844003
1196718701
1197479856
1197691267
1204979303
1211233657
1226252589
1228053381
1243293533
1248978788
1251581050
1262050829
1264567380
1269246190
1273930234
1280111018
1280771984
1282819782
1286204982
1286498504
1286762190
1301052101
1302260182
1304154260
1321145779
1328993965
1329750301
1336617540
1343354961
1348298103
1356110354
1361531121
1362246743
1366404559
1366550130
1371191553
1380221197
1380846384
1381142756
1388352751
1389112364
1389833729
1393178257
1393633337
1395801931
1402319886
1411942615
1414066159
1418233519
1421260110
1424007765
1424893313
1425968830
1437320732
1444698960
1446172659
1450146182
1452143912
1455990900
1459676535
1461417695
1462344220
1465761428
1470053520
1471520591
1482260521
1487690759
1491954171
1494939184
1501787395
1503313283
1505594089
1512146593
1521884844
1528868579
1530249510
1533071282
1533395446
1535958702
1536894095
1539972295
1544708658
1555617398
1557910833
1559938225
1564315808
1564955791
1565697080
1567255387
1572424215
1575042627
1581067603
1582333134
1585705524
1586622652
1595710594
1600426814
1610998927
1616802861
1619401795
1625590863
1625721992
1626234795
1628915534
1629509194
1630322450
1632524999
