-493583977
-490250781
-486381324
-484891946
-481623186
-472064433
-469983483
-464518045
-463828340
-463042740
-461336450
-461041271
-458488530
-445760886
-445724091
-444364303
-438013431
-436307374
-430552962
-427155977
-424791690
-421343574
-420383426
-401952105
-389965694
-389174581
-382137544
-381607283
-374368824
-373959379
-367608560
-364228480
-353213847
-351944045
-351592552
-351547695
-350985448
-348094951
-327409358
-326501846
-326229619
-323664133
-309603482
-307525987
-302463101
-301107292
-296746333
-290959659
-289065579
-280841243
-280227945
-278500239
-276882252
-272237456
-259676655
-256042252
-246549352
-245484485
-243101098
-241508933
-241198224
-238060644
-235693671
-227582670
-227501257
-226934263
-212372931
-202783007
-202143768
-192620882
-191371773
-181020229
-179761735
-173262142
-161420780
-161319246
-151466238
-149801244
-146278997
-143230836
-142255920
-140467407
-126273673
-123202032
-117797342
-113022929
-106743090
-102276574
-95525335
-93346044
-90859108
-90523901
-87607043
-85202671
-83226823
-82916314
-82009493
-79862952
-75669250
-74159482
-73283202
-65932075
-56294952
-54979607
-52440921
-51819333
-51112414
-31312721
-25547726
-20284807
-8696931
-7589408
-6666130
-6401050
-5572442
-5246108
-2597205
5470619
16416953
27243513
29991525
31652607
36624635
43623445
47202885
66964258
74212629
75666525
90303082
90613784
92818691
99917085
100384921
100531484
102610190
104094217
110011295
114773703
118023661
118225790
125583019
130152492
130741350
131551714
137791349
144328273
144896674
146733291
160810239
162501940
169082520
186656224
194362646
197155696
200495895
202374211
202522811
207494554
213747370
223542879
224488510
236653830
256777123
258009861
262909970
264387179
273744088
273852851
279892710
285972206
303440717
308054240
310839693
312544342
322929467
324056436
331270587
332521469
355097707
359908444
361378635
370231827
375479670
376402579
376531040
383187885
385163193
388407651
389520231
392150985
394966945
395476621
403807088
405184571
407556732
411839405
416292228
417831694
419176092
422250173
435000684
441520523
449392852
452871038
454664226
470948562
476336517
481386480
483258632
491455980
496381980
505484244
505838042
510081241
512329401
518806462
519396172
522902131
526886617
528868088
530504359
534243583
546261784
552011988
553387247
558884605
560727178
562161526
564034375
566911247
570415244
571766297
577201467
580203850
582499088
589224572
589536579
596003112
604450510
605719650
608310141
608854188
616597074
620513318
624578240
628183301
631048050
633776430
635623111
640764587
640957819
643167732
646512835
647775623
648772923
656684978
662528928
664029648
667684648
678231584
678956664
685778687
693016508
696905993
697456832
699649644
700495088
703184578
715420125
716615272
717141830
718561213
720937212
725638659
739158638
741932358
752711025
753308214
756243123
761738542
766588995
767624757
767650631
767819080
769819026
770875577
772901588
781707183
785811643
786438555
791192946
798835098
800083997
805525371
807770895
814262741
822224693
829549981
840609195
843785786
845284751
863445167
865753090
867499174
869529901
879622602
880818243
885303635
888173190
888658504
892332505
894159334
895951636
898927122
900094367
911852265
916062430
916759465
919264933
922442212
931050601
942127695
942646493
963496482
965547069
968386782
979672755
988602956
990787113
995286236
995722847
998471247
1004835133
1005172165
1010456243
1013823730
1018336305
1021762074
1030975581
1033848504
1039006325
1041905444
1042277068
1043008732
1044594258
1045278010
1049562145
1058885773
1065676666
1068634993
1069175299
1069240843
1084053480
1084555853
1091426857
1091647832
1094401446
1098735399
1106046885
1107914283
1114230009
1114865256
1114869440
1115243728
1119486370
1131421061
1133141797
1133959355
1139036989
1141278655
1141472580
1145643328
1147673545
1154977916
1159489194
1168104258
1172511697
1173197739
1175746017
1177100856
1180428707
1181749707
1182723684
1186085444
1192015405
1192208910
1194352716
1196716096
1206439146
1216690948
1217231254
1223250904
1228369831
1234679698
1241421984
1249425006
1251274721
1254499190
1256266779
1256855256
1262764062
1263020902
1265664801
1266732652
1270304384
1276481872
1277781745
1291730067
1294966366
1295584510
1304837076
1306055614
1310425440
1316511706
1318971285
1334572356
1339768315
1340502094
1348271518
1353731410
1356872658
1360459883
1372388898
1373311807
1374874068
1376808796
1381802014
1386795061
1389479109
1390040699
1390318389
1395831387
1398431091
1404486799
1411324962
1417342603
1419075036
1420843844
1422619774
1423985112
1425729370
1426363195
1430729263
1432080968
1449793631
1450082378
1454036811
1458709080
1460452834
1463976651
1467201201
1471974089
1477758618
1479835980
1488058526
1488907809
1489975783
1492627433
1493499705
1498184486
1503729784
1507775135
1512804224
1515785209
1522224314
1522432139
1528168022
1529700721
1533200924
1533443439
1534316036
1534974784
1537928128
1539509319
1541344905
1543985811
1551608124
1562416804
1567590699
1568832827
1569797864
1574734164
1576262371
1578932611
1584779102
1586410443
1588764592
1591860840
1592697173
1593397304
1599748171
1604049451
1607724268
1612438710
1616700160
1621418382
1621512482
1622463533
1628179128
1646560739
