-494513568
-485515250
-484750849
-482792583
-479193273
-475466908
-469500138
-463892531
-461646054
-449170894
-432949326
-431550864
-430410641
-429747617
-426077339
-420624244
-410828188
-407500931
-398913705
-398802096
-388487523
-379751022
-375045819
-365526167
-365127557
-365116209
-360021038
-353675556
-348942071
-341247994
-338629374
-337222715
-335183956
-328604898
-326553538
-323615741
-323175693
-316698815
-315118928
-314083003
-312610043
-300344311
-294629449
-286790493
-286150411
-276321616
-275370797
-261493909
-256668055
-249158115
-238636578
-237429594
-228565564
-223468479
-218813842
-214720776
-210271196
-206134640
-194028427
-183408862
-172329892
-168698741
-165732441
-158980430
-157796722
-155584536
-150536577
-149264100
-135312672
-129308858
-122930190
-122660428
-120227909
-112341580
-112207633
-110738669
-100258927
-95845210
-95334121
-88975642
-82322567
-81400690
-78420956
-75908771
-73405654
-71745306
-70168188
-69655560
-63112109
-61904981
-58125358
-55128027
-45904692
-42457508
-41972140
-30098425
-28794116
-19854737
-3030772
-1532531
-1317751
-384079
255014
9001420
16983108
28327273
30626090
35092144
36983501
41885854
46939549
48256864
57995634
61892397
62147720
64668290
67867255
72947625
77885070
78478483
80675734
81320942
88818202
95806175
103634875
110642821
117191933
127655370
128173158
137766671
145265088
149124870
150860928
159081929
162126920
162199719
162287217
162587600
166086354
169474615
173450143
191104558
200473664
201569920
212315762
215610968
225609925
226959349
227549072
228868272
229908520
230280008
233856100
234535490
235399298
237188340
246416653
247427681
247657218
251353485
253152136
253286449
256505896
256792176
258268284
266840517
271276926
271416812
276483681
277053699
279385778
284445053
286290106
286771789
287541782
297159660
299295434
305115314
305759009
308184517
317624180
317872088
321217016
321935385
324319460
328270487
329084240
333842501
345251340
348015222
348737040
354790978
372293953
373195511
376315093
379111307
381361991
382334936
383885806
391650635
392252221
392871267
400735596
400987188
412431716
412934594
414282559
427209177
431517807
433240857
435217108
437054603
437902434
439371234
439802089
443313078
444129597
455415436
456691961
470333355
475446188
476511558
482586340
484225274
484589980
488731540
498864300
504080593
507468889
507606454
508299208
510919309
514187485
514759337
519635557
531584651
546120038
547588805
549579771
553628791
568943071
570617290
572130698
576759363
580601369
585341801
585762745
588946109
589575587
589929445
597701913
597985919
602549218
604815817
607872525
613123104
614620326
614783450
621134105
625053578
626122839
628468613
634244005
635854625
640394573
642513909
644831761
656173400
656848046
658353230
658898506
660181828
662310442
662706893
670383740
671303225
682359693
692077982
694568676
697287977
697633217
704254401
714293217
720347159
726386709
726743074
732214650
732296253
737882839
744396910
745234644
754663900
755203432
757323294
770298737
770897421
771426650
777307175
778714474
781343891
783626879
785397172
791627639
793825382
796003821
809301087
810779118
810803865
811309537
844364437
868156565
872766630
883660360
883827782
884998723
886702172
903647739
905084316
905642388
908904364
920261929
924463663
933864527
936665664
943227905
947532321
948017743
957022670
963044638
966003113
967397797
970730704
974499590
982936774
983674509
989917535
990933659
998923354
1003662530
1008726272
1010142142
1012357091
1012745593
1014746796
1031195422
1032664386
1039492972
1044047678
1048476404
1051809551
1052447570
1056644527
1063019109
1066157567
1077451254
1080472046
1081527954
1082901534
1083830624
1091448166
1091718126
1092459026
1094449251
1094677879
1096043619
1096223002
1098036291
1115238612
1117970339
1123504814
1126149803
1133533567
1137023391
1143671910
1144224752
1148039962
1153512815
1160158753
1161381910
1163174822
1164563132
1167817846
1174027023
1177791394
1177821280
1179923905
1184012677
1191554861
1196304210
1198949676
1207142151
1211198021
1213048099
1213206683
1214133794
1214195067
1214960246
1220501070
1221721898
1232817009
1237552669
1245496098
1246751474
1247171432
1254647117
1257829368
1262820250
1262963747
1266839810
1268424679
1271486202
1277373761
1282422191
1288534430
1294584249
1298400812
1305221557
1313860995
1323253300
1326854191
1335780232
1339833765
1342103343
1342141097
1343641396
1347523416
1347695652
1349006237
1357019658
1360756894
1360836984
1361488298
1366413126
1366974730
1371101213
1373645184
1383992020
1384406683
1385716683
1406887632
1417680111
1418577234
1419609709
1430238208
1431275155
1433494343
1435235789
1438939786
1442710440
1444347565
1448000194
1451481558
1454130571
1476731098
1479357465
1481005872
1483929523
1485348498
1488070584
1491148917
1492662325
1493135333
1493557016
1493659654
1493670729
1502099386
1525027845
1525165515
1528567021
1529074979
1534067026
1539057434
1547910331
1548226942
1553279072
1561380493
1565934956
1565945195
1566057151
1568894433
1571236971
1572667397
1590362259
1590590243
1595717922
1596072876
1597086534
1605074994
1605164468
1616538127
1624240032
1627373897
1627420321
1633591729
1633925066
1635321590
1635534554
1637435306
1645871854
1645970240
