-499621545
-493188730
-489794470
-475104738
-474333984
-466798789
-466442226
-463068755
-461680169
-459902989
-455830081
-452425525
-450788670
-449159703
-443660968
-440724616
-439522894
-434913858
-433355224
-429475968
-402070191
-401953501
-400723892
-399418829
-399407076
-398297684
-386997393
-385544578
-374618376
-372873925
-369247582
-367349782
-363983509
-362547926
-361605350
-336640883
-330162099
-326955735
-318148176
-315848246
-312313245
-312221552
-308715710
-302353480
-300251185
-295662095
-289067583
-286525121
-285676981
-282085291
-277806490
-266105762
-262343982
-262179076
-252713084
-249410888
-244574738
-241710429
-240719464
-240673190
-233871549
-228378688
-213549724
-204926363
-203966345
-193647022
-193064918
-188791091
-177660363
-177177446
-169082683
-164652789
-146918164
-145892948
-134273760
-131841553
-130901084
-124566817
-124388808
-122137368
-120307793
-118110844
-116069193
-107135956
-97605357
-93699184
-91080870
-86952513
-78919645
-72987836
-69197029
-68558058
-62442622
-60692640
-48383970
-39730480
-34512992
-32609104
-28255978
-27641599
-20307737
-19814591
-19567926
-18479679
-16385980
-15945928
-12510730
-11217430
20234531
24011606
24254888
38724559
38951035
41849734
42734400
48647221
49920905
58072478
59764301
61008978
73223565
80384186
84185976
88842546
91519083
100157323
105181948
109217985
112743998
117667314
119636463
119870014
120750858
124072305
124825233
127065789
127188744
130466349
134031463
134722319
136422038
140427752
147699870
153481931
156022094
160637595
173528678
187573027
187924148
193885557
215854212
218568073
229745757
231047520
239072778
243334608
244570137
244584233
244804859
248861150
255920590
259301577
259862927
273889856
282288344
283242697
284042247
286963241
290322904
291260854
292989321
294722232
311273698
313168570
319267181
323298702
327583897
346874163
350368093
350926879
351473781
356906562
361367008
381318380
400251206
404554279
407351269
408433346
408811801
421115595
421189119
422639641
424257221
428506507
430534161
432578029
433004579
434491238
435748182
440529159
440596759
447534903
449017194
449668348
453192431
457091456
460110538
463919091
465894071
471361985
481902547
482545145
486599594
488609504
488968930
495780200
499872143
501598122
501934937
503193880
507959561
514101078
516495420
516934382
525472267
527233869
531610213
538138601
545882590
549906087
552531497
560273712
565704913
575181697
583985497
585524665
590025715
591459221
595833339
596580052
597857245
598657673
599342299
607535903
613912116
617944929
620195425
621499355
621750992
630651099
636068410
638943280
642861230
643492114
646071158
646906643
653960752
655047270
655251539
658884292
658936519
659578016
661143956
662457648
668852397
670398953
678064903
680191665
700902020
714195162
714956783
718217440
718707827
720336101
720447941
731624567
731941892
733569345
735896421
736598769
737643720
741799234
747926166
752265602
754705676
764905711
767820796
787915025
789899785
800025189
807895889
812980692
813652086
818239677
834069704
834422165
834776404
835513264
837126355
839133051
840975868
841059271
844631684
847000827
847488280
850029567
852348898
852408857
861494902
873660212
878066834
885624053
888734783
892557598
894840540
895062755
899505948
903515135
909598205
912028537
916789577
921209907
926061864
929577682
929956137
931381079
932018934
932830256
936042701
936464350
952761395
957823213
967413821
967888348
968505397
974051539
976009797
984382667
984611937
988678404
994993368
996757160
1007883616
1010169159
1013388684
1013798589
1017127570
1021346442
1026618913
1030691485
1034424904
1034638989
1034665161
1037101879
1044814861
1053852678
1053869314
1057099321
1065832807
1066628260
1075158502
1086489212
1089748612
1092604649
1096484533
1097350808
1098738113
1103133827
1105856453
1109347020
1130751715
1130810059
1132659861
1139788183
1141098337
1149456259
1171420260
1172828043
1186469254
1187053463
1188391290
1201840990
1206910301
1207808721
1209531275
1212046520
1212925054
1215403208
1216587196
1225952417
1226189416
1227492400
1229955290
1234368175
1239320032
1246126265
1251832513
1257759041
1262885611
1264159782
1267015537
1272080922
1272589376
1278892192
1284221132
1290195048
1294300335
1300647961
1303873270
1311830486
1312440712
1318224127
1324931414
1326867428
1328904766
1328928408
1330785378
1333191939
1333409643
1336657350
1351964819
1352603121
1355765070
1359936133
1361019624
1371995132
1372643388
1378316340
1381954761
1385969320
1388850561
1397498140
1402052096
1403458376
1404039336
1408303851
1415155972
1416193232
1417748770
1421108366
1423216646
1432643749
1433363995
1434176151
1442359167
1450211807
1451879229
1452564698
1454236949
1454630237
1457768031
1459367113
1460083655
1465404563
1468313022
1470768890
1475425442
1476194704
1476553878
1476917536
1477044920
1480480654
1481583244
1498485445
1502645020
1502682300
1502836112
1504447905
1515716442
1519831761
1523615759
1529932701
1539551091
1540576306
1543284085
1546020243
1551620509
1552987879
1555235620
1569266973
1577756773
1583561655
1590534110
1591623837
1596634908
1599535820
1600277445
1601367857
1604837351
1606177860
1610747852
1610995469
1616273881
1617214801
1617312401
1619369347
1624031323
1625599807
1626232847
1640587847
